           T(s)              1              2              3              4              5              6              7
          0.000  0.0000000E+00  0.0000000E+00  0.0000000E+00  0.0000000E+00  0.0000000E+00  0.0000000E+00  0.0000000E+00
        300.000  0.0000000E+00  0.0000000E+00  0.0000000E+00  0.0000000E+00  0.0000000E+00  0.0000000E+00  0.0000000E+00
        600.000  0.0000000E+00  0.0000000E+00  0.0000000E+00  0.0000000E+00  0.0000000E+00  0.0000000E+00  0.0000000E+00
        900.000  0.0000000E+00  0.0000000E+00  0.0000000E+00  0.0000000E+00  0.0000000E+00  0.0000000E+00  0.0000000E+00
       1200.000  0.0000000E+00  0.0000000E+00  0.0000000E+00  0.0000000E+00  0.0000000E+00  0.0000000E+00  0.0000000E+00
       1500.000  0.0000000E+00  0.0000000E+00  0.0000000E+00  0.0000000E+00  0.0000000E+00  0.0000000E+00  0.0000000E+00
       1800.000  0.0000000E+00  0.0000000E+00  0.0000000E+00  0.0000000E+00  0.0000000E+00  0.0000000E+00  0.0000000E+00
       2100.000  0.0000000E+00  0.0000000E+00  0.0000000E+00  0.0000000E+00  0.0000000E+00  0.0000000E+00  0.0000000E+00
       2400.000  0.0000000E+00  0.0000000E+00  0.0000000E+00  0.0000000E+00  0.0000000E+00  0.0000000E+00  0.0000000E+00
       2700.000  0.0000000E+00  0.0000000E+00  0.0000000E+00  0.0000000E+00  0.0000000E+00  0.0000000E+00  0.0000000E+00
       3000.000  0.0000000E+00  0.0000000E+00  0.0000000E+00  0.0000000E+00  0.0000000E+00  0.0000000E+00  0.0000000E+00
       3300.000  0.0000000E+00  0.0000000E+00  0.0000000E+00  0.0000000E+00  0.0000000E+00  0.0000000E+00  0.0000000E+00
       3600.000  0.0000000E+00  0.0000000E+00  0.0000000E+00  0.0000000E+00  0.0000000E+00  0.0000000E+00  0.0000000E+00
       3900.000  0.0000000E+00  0.0000000E+00  0.0000000E+00  0.0000000E+00  0.0000000E+00  0.0000000E+00  0.0000000E+00
       4200.000  0.0000000E+00  0.0000000E+00  0.0000000E+00  0.0000000E+00  0.0000000E+00  0.0000000E+00  0.0000000E+00
       4500.000  0.0000000E+00  0.0000000E+00  0.0000000E+00  0.0000000E+00  0.0000000E+00  0.0000000E+00  0.0000000E+00
       4800.000  0.0000000E+00  0.0000000E+00  0.0000000E+00  0.0000000E+00  0.0000000E+00  0.0000000E+00  0.0000000E+00
       5100.000  0.0000000E+00  0.0000000E+00  0.0000000E+00  0.0000000E+00  0.0000000E+00  0.0000000E+00  0.0000000E+00
       5400.000  0.0000000E+00  0.0000000E+00  0.0000000E+00  0.0000000E+00  0.0000000E+00  0.0000000E+00  0.0000000E+00
       5700.000  0.0000000E+00  0.0000000E+00  0.0000000E+00  0.0000000E+00  0.0000000E+00  0.0000000E+00  0.0000000E+00
       6000.000  0.0000000E+00  0.0000000E+00  0.0000000E+00  0.0000000E+00  0.0000000E+00  0.0000000E+00  0.0000000E+00
       6300.000  0.0000000E+00  0.0000000E+00  0.0000000E+00  0.0000000E+00  0.0000000E+00  0.0000000E+00  0.0000000E+00
       6600.000  0.0000000E+00  0.0000000E+00  0.0000000E+00  0.0000000E+00  0.0000000E+00  0.0000000E+00  0.0000000E+00
       6900.000  0.0000000E+00  0.0000000E+00  0.0000000E+00  0.0000000E+00  0.0000000E+00  0.0000000E+00  0.0000000E+00
       7200.000  0.0000000E+00  0.0000000E+00  0.0000000E+00  0.0000000E+00  0.0000000E+00  0.0000000E+00  0.0000000E+00
       7500.000  0.0000000E+00  0.0000000E+00  0.0000000E+00  0.0000000E+00  0.0000000E+00  0.0000000E+00  0.0000000E+00
       7800.000  0.0000000E+00  0.0000000E+00  0.0000000E+00  0.0000000E+00  0.0000000E+00  0.0000000E+00  0.0000000E+00
       8100.000  0.0000000E+00  0.0000000E+00  0.0000000E+00  0.0000000E+00  0.0000000E+00  0.0000000E+00  0.0000000E+00
       8400.000  0.0000000E+00  0.0000000E+00  0.0000000E+00  0.0000000E+00  0.0000000E+00  0.0000000E+00  0.0000000E+00
       8700.000  0.0000000E+00  0.0000000E+00  0.0000000E+00  0.0000000E+00  0.0000000E+00  0.0000000E+00  0.0000000E+00
       9000.000  0.0000000E+00  0.0000000E+00  0.0000000E+00  0.0000000E+00  0.0000000E+00  0.0000000E+00  0.0000000E+00
       9300.000  0.0000000E+00  0.0000000E+00  0.0000000E+00  0.0000000E+00  0.0000000E+00  0.0000000E+00  0.0000000E+00
       9600.000  0.0000000E+00  0.0000000E+00  0.0000000E+00  0.0000000E+00  0.0000000E+00  0.0000000E+00  0.0000000E+00
       9900.000  0.0000000E+00  0.0000000E+00  0.0000000E+00  0.0000000E+00  0.0000000E+00  0.0000000E+00  0.0000000E+00
      10200.000  0.0000000E+00  0.0000000E+00  0.0000000E+00  0.0000000E+00  0.0000000E+00  0.0000000E+00  0.0000000E+00
      10500.000  0.0000000E+00  0.0000000E+00  0.0000000E+00  0.0000000E+00  0.0000000E+00  0.0000000E+00  0.0000000E+00
      10800.000  0.0000000E+00  0.0000000E+00  0.0000000E+00  0.0000000E+00  0.0000000E+00  0.0000000E+00  0.0000000E+00
      11100.000  0.0000000E+00  0.0000000E+00  0.0000000E+00  0.0000000E+00  0.0000000E+00  0.0000000E+00  0.0000000E+00
      11400.000  0.0000000E+00  0.0000000E+00  0.0000000E+00  0.0000000E+00  0.0000000E+00  0.0000000E+00  0.0000000E+00
      11700.000  0.0000000E+00  0.0000000E+00  0.0000000E+00  0.0000000E+00  0.0000000E+00  0.0000000E+00  0.0000000E+00
      12000.000  0.0000000E+00  0.0000000E+00  0.0000000E+00  0.0000000E+00  0.0000000E+00  0.0000000E+00  0.0000000E+00
      12300.000  0.0000000E+00  0.0000000E+00  0.0000000E+00  0.0000000E+00  0.0000000E+00  0.0000000E+00  0.0000000E+00
      12600.000  0.0000000E+00  0.0000000E+00  0.0000000E+00  0.0000000E+00  0.0000000E+00  0.0000000E+00  0.0000000E+00
      12900.000  0.0000000E+00  0.0000000E+00  0.0000000E+00  0.0000000E+00  0.0000000E+00  0.0000000E+00  0.0000000E+00
      13200.000  0.0000000E+00  0.0000000E+00  0.0000000E+00  0.0000000E+00  0.0000000E+00  0.0000000E+00  0.0000000E+00
      13500.000  0.0000000E+00  0.0000000E+00  0.0000000E+00  0.0000000E+00  0.0000000E+00  0.0000000E+00  0.0000000E+00
      13800.000  0.0000000E+00  0.0000000E+00  0.0000000E+00  0.0000000E+00  0.0000000E+00  0.0000000E+00  0.0000000E+00
      14100.000  0.0000000E+00  0.0000000E+00  0.0000000E+00  0.0000000E+00  0.0000000E+00  0.0000000E+00  0.0000000E+00
      14400.000  0.0000000E+00  0.0000000E+00  0.0000000E+00  0.0000000E+00  0.0000000E+00  0.0000000E+00  0.0000000E+00
      14700.000  0.0000000E+00  0.0000000E+00  0.0000000E+00  0.0000000E+00  0.0000000E+00  0.0000000E+00  0.0000000E+00
      15000.000  0.0000000E+00  0.0000000E+00  0.0000000E+00  0.0000000E+00  0.0000000E+00  0.0000000E+00  0.0000000E+00
      15300.000  0.0000000E+00  0.0000000E+00  0.0000000E+00  0.0000000E+00  0.0000000E+00  0.0000000E+00  0.0000000E+00
      15600.000  0.0000000E+00  0.0000000E+00  0.0000000E+00  0.0000000E+00  0.0000000E+00  0.0000000E+00  0.0000000E+00
      15900.000  0.0000000E+00  0.0000000E+00  0.0000000E+00  0.0000000E+00  0.0000000E+00  0.0000000E+00  0.0000000E+00
      16200.000  0.0000000E+00  0.0000000E+00  0.0000000E+00  0.0000000E+00  0.0000000E+00  0.0000000E+00  0.0000000E+00
      16500.000  0.0000000E+00  0.0000000E+00  0.0000000E+00  0.0000000E+00  0.0000000E+00  0.0000000E+00  0.0000000E+00
      16800.000  0.0000000E+00  0.0000000E+00  0.0000000E+00  0.0000000E+00  0.0000000E+00  0.0000000E+00  0.0000000E+00
      17100.000  0.0000000E+00  0.0000000E+00  0.0000000E+00  0.0000000E+00  0.0000000E+00  0.0000000E+00  0.0000000E+00
      17400.000  0.0000000E+00  0.0000000E+00  0.0000000E+00  0.0000000E+00  0.0000000E+00  0.0000000E+00  0.0000000E+00
      17700.000  0.0000000E+00  0.0000000E+00  0.0000000E+00  0.0000000E+00  0.0000000E+00  0.0000000E+00  0.0000000E+00
      18000.000  0.0000000E+00  0.0000000E+00  0.0000000E+00  0.0000000E+00  0.0000000E+00  0.0000000E+00  0.0000000E+00
      18300.000  0.0000000E+00  0.0000000E+00  0.0000000E+00  0.4663525E-07 -0.2278816E-06  0.0000000E+00  0.0000000E+00
      18600.000  0.0000000E+00  0.0000000E+00  0.0000000E+00  0.5400893E-06 -0.2639136E-05  0.0000000E+00  0.0000000E+00
      18900.000  0.0000000E+00  0.0000000E+00  0.0000000E+00  0.2199446E-05 -0.1074758E-04  0.0000000E+00  0.0000000E+00
      19200.000  0.0000000E+00  0.0000000E+00  0.2368056E-06  0.5872573E-05 -0.2872745E-04 -0.3233272E-06  0.0000000E+00
      19500.000  0.3421974E-09 -0.2405386E-08  0.5283538E-05  0.1168838E-04 -0.6090435E-04 -0.3077349E-05  0.0000000E+00
      19800.000  0.7467793E-07 -0.5249799E-06  0.2403083E-04  0.1882908E-04 -0.1114579E-03 -0.1103359E-04  0.0000000E+00
      20100.000  0.4637163E-06 -0.3259958E-05  0.6717694E-04  0.2622265E-04 -0.1842903E-03 -0.2692474E-04 -0.1751457E-06
      20400.000  0.1432389E-05 -0.1006982E-04  0.1497932E-03  0.3264308E-04 -0.2829964E-03 -0.5335649E-04 -0.1416258E-05
      20700.000  0.3239982E-05 -0.2277739E-04  0.2882151E-03  0.3679206E-04 -0.4108840E-03 -0.9277379E-04 -0.4844709E-05
      21000.000  0.6134886E-05 -0.4312885E-04  0.4986889E-03  0.3737022E-04 -0.5710119E-03 -0.1474580E-03 -0.1162201E-04
      21300.000  0.1035186E-04 -0.7277463E-04  0.7970355E-03  0.3313013E-04 -0.7662296E-03 -0.2195391E-03 -0.2292292E-04
      21600.000  0.1611114E-04 -0.1132629E-03  0.1198419E-02  0.2290978E-04 -0.9992107E-03 -0.3110126E-03 -0.3991240E-04
      21900.000  0.2372037E-04 -0.1667566E-03  0.1720460E-02  0.6269627E-05 -0.1276656E-02 -0.4256930E-03 -0.6390401E-04
      22200.000  0.3390221E-04 -0.2383360E-03  0.2395860E-02 -0.1575038E-04 -0.1619338E-02 -0.5744462E-03 -0.9701578E-04
      22500.000  0.4749168E-04 -0.3338713E-03  0.3265707E-02 -0.4393570E-04 -0.2045853E-02 -0.7681891E-03 -0.1418053E-03
      22800.000  0.6530834E-04 -0.4591242E-03  0.4374331E-02 -0.8076323E-04 -0.2570111E-02 -0.1016115E-02 -0.2010511E-03
      23100.000  0.8813148E-04 -0.6195731E-03  0.5767195E-02 -0.1296237E-03 -0.3202962E-02 -0.1325989E-02 -0.2776795E-03
      23400.000  0.1166828E-03 -0.8202915E-03  0.7489178E-02 -0.1942575E-03 -0.3953261E-02 -0.1704432E-02 -0.3746888E-03
      23700.000  0.1516187E-03 -0.1065895E-02  0.9583307E-02 -0.2783652E-03 -0.4828568E-02 -0.2157193E-02 -0.4950776E-03
      24000.000  0.1935310E-03 -0.1360542E-02  0.1208995E-01 -0.3853727E-03 -0.5835606E-02 -0.2689377E-02 -0.6417836E-03
      24300.000  0.2429496E-03 -0.1707979E-02  0.1504641E-01 -0.5183202E-03 -0.6980524E-02 -0.3305620E-02 -0.8176330E-03
      24600.000  0.2998910E-03 -0.2111589E-02  0.1848682E-01 -0.6798362E-03 -0.8269058E-02 -0.4010206E-02 -0.1025305E-02
      24900.000  0.3632744E-03 -0.2574454E-02  0.2244225E-01 -0.8721635E-03 -0.9706620E-02 -0.4807149E-02 -0.1267309E-02
      25200.000  0.4316893E-03 -0.3099410E-02  0.2694095E-01 -0.1097210E-02 -0.1129836E-01 -0.5700242E-02 -0.1545973E-02
      25500.000  0.5030701E-03 -0.3685444E-02  0.3199249E-01 -0.1358661E-02 -0.1303356E-01 -0.6684515E-02 -0.1862432E-02
      25800.000  0.5737074E-03 -0.4318800E-02  0.3753547E-01 -0.1661920E-02 -0.1485811E-01 -0.7729358E-02 -0.2213611E-02
      26100.000  0.6410972E-03 -0.4987606E-02  0.4349268E-01 -0.2003296E-02 -0.1674136E-01 -0.8815047E-02 -0.2595607E-02
      26400.000  0.7040611E-03 -0.5684522E-02  0.4979916E-01 -0.2375736E-02 -0.1867209E-01 -0.9933075E-02 -0.3004937E-02
      26700.000  0.7615382E-03 -0.6405145E-02  0.5640467E-01 -0.2772755E-02 -0.2064640E-01 -0.1107991E-01 -0.3438595E-02
      27000.000  0.8128841E-03 -0.7146897E-02  0.6327524E-01 -0.3190202E-02 -0.2266305E-01 -0.1225419E-01 -0.3894051E-02
      27300.000  0.8577410E-03 -0.7908305E-02  0.7046349E-01 -0.3643415E-02 -0.2472178E-01 -0.1345544E-01 -0.4369216E-02
      27600.000  0.8959360E-03 -0.8688558E-02  0.7816545E-01 -0.4180910E-02 -0.2682267E-01 -0.1468358E-01 -0.4862389E-02
      27900.000  0.9273828E-03 -0.9487236E-02  0.8666321E-01 -0.4871011E-02 -0.2896592E-01 -0.1593870E-01 -0.5372205E-02
      28200.000  0.9519900E-03 -0.1030415E-01  0.9630325E-01 -0.5796835E-02 -0.3115178E-01 -0.1722094E-01 -0.5897577E-02
      28500.000  0.9695798E-03 -0.1113924E-01  0.1074913E+00 -0.7055166E-02 -0.3338051E-01 -0.1853048E-01 -0.6437651E-02
      28800.000  0.9798181E-03 -0.1199254E-01  0.1206878E+00 -0.8755424E-02 -0.3565237E-01 -0.1986750E-01 -0.6991758E-02
      29100.000  0.9820713E-03 -0.1286337E-01  0.1362706E+00 -0.1098850E-01 -0.3796466E-01 -0.2123053E-01 -0.7559161E-02
      29400.000  0.9752240E-03 -0.1374874E-01  0.1541467E+00 -0.1373748E-01 -0.4030699E-01 -0.2261349E-01 -0.8138415E-02
      29700.000  0.9581304E-03 -0.1464635E-01  0.1739385E+00 -0.1691668E-01 -0.4267399E-01 -0.2401282E-01 -0.8728175E-02
      30000.000  0.9297111E-03 -0.1555491E-01  0.1951698E+00 -0.2041583E-01 -0.4506386E-01 -0.2542713E-01 -0.9327394E-02
      30300.000  0.8889400E-03 -0.1647370E-01  0.2178105E+00 -0.2422907E-01 -0.4747604E-01 -0.2685586E-01 -0.9935254E-02
      30600.000  0.8348351E-03 -0.1740232E-01  0.2418679E+00 -0.2835906E-01 -0.4991037E-01 -0.2829884E-01 -0.1055113E-01
      30900.000  0.7664474E-03 -0.1834056E-01  0.2673671E+00 -0.3281237E-01 -0.5236684E-01 -0.2975601E-01 -0.1117452E-01
      31200.000  0.6828513E-03 -0.1928832E-01  0.2943421E+00 -0.3759749E-01 -0.5484549E-01 -0.3122740E-01 -0.1180507E-01
      31500.000  0.5831377E-03 -0.2024554E-01  0.3228297E+00 -0.4272349E-01 -0.5734637E-01 -0.3271302E-01 -0.1244249E-01
      31800.000  0.4664098E-03 -0.2121222E-01  0.3528661E+00 -0.4819919E-01 -0.5986955E-01 -0.3421292E-01 -0.1308655E-01
      32100.000  0.3317819E-03 -0.2218836E-01  0.3844840E+00 -0.5403247E-01 -0.6241509E-01 -0.3572714E-01 -0.1373711E-01
      32400.000  0.1783807E-03 -0.2317397E-01  0.4177102E+00 -0.6022983E-01 -0.6498305E-01 -0.3725573E-01 -0.1439403E-01
      32700.000  0.5270900E-05 -0.2416831E-01  0.4523854E+00 -0.6675501E-01 -0.6757036E-01 -0.3879696E-01 -0.1505698E-01
      33000.000 -0.1885511E-03 -0.2516812E-01  0.4877971E+00 -0.7344478E-01 -0.7016601E-01 -0.4034432E-01 -0.1572478E-01
      33300.000 -0.4034513E-03 -0.2617098E-01  0.5234534E+00 -0.8018637E-01 -0.7276442E-01 -0.4189407E-01 -0.1639628E-01
      33600.000 -0.6390216E-03 -0.2717554E-01  0.5591047E+00 -0.8692266E-01 -0.7536374E-01 -0.4344475E-01 -0.1707059E-01
      33900.000 -0.8942017E-03 -0.2818104E-01  0.5946145E+00 -0.9362257E-01 -0.7796337E-01 -0.4499581E-01 -0.1774707E-01
      34200.000 -0.1167445E-02 -0.2918707E-01  0.6298987E+00 -0.1002670E+00 -0.8056309E-01 -0.4654700E-01 -0.1842518E-01
      34500.000 -0.1456887E-02 -0.3019338E-01  0.6648975E+00 -0.1068424E+00 -0.8316285E-01 -0.4809825E-01 -0.1910454E-01
      34800.000 -0.1760487E-02 -0.3119986E-01  0.6995635E+00 -0.1133381E+00 -0.8576262E-01 -0.4964952E-01 -0.1978485E-01
      35100.000 -0.2076145E-02 -0.3220642E-01  0.7338567E+00 -0.1197448E+00 -0.8836239E-01 -0.5120080E-01 -0.2046589E-01
      35400.000 -0.2401789E-02 -0.3321303E-01  0.7677419E+00 -0.1260545E+00 -0.9096217E-01 -0.5275208E-01 -0.2114748E-01
      35700.000 -0.2735434E-02 -0.3421967E-01  0.8011882E+00 -0.1322602E+00 -0.9356194E-01 -0.5430336E-01 -0.2182949E-01
      36000.000 -0.3075222E-02 -0.3522633E-01  0.8341690E+00 -0.1383556E+00 -0.9616172E-01 -0.5585465E-01 -0.2251182E-01
      36300.000 -0.3419442E-02 -0.3623299E-01  0.8666619E+00 -0.1443355E+00 -0.9876149E-01 -0.5740593E-01 -0.2319439E-01
      36600.000 -0.3766544E-02 -0.3723966E-01  0.8986482E+00 -0.1501958E+00 -0.1013613E+00 -0.5895722E-01 -0.2387715E-01
      36900.000 -0.4115139E-02 -0.3824633E-01  0.9301134E+00 -0.1559329E+00 -0.1039610E+00 -0.6050850E-01 -0.2456004E-01
      37200.000 -0.4463991E-02 -0.3925300E-01  0.9610467E+00 -0.1615444E+00 -0.1065608E+00 -0.6205979E-01 -0.2524305E-01
      37500.000 -0.4812016E-02 -0.4025968E-01  0.9914410E+00 -0.1670287E+00 -0.1091606E+00 -0.6361107E-01 -0.2592613E-01
      37800.000 -0.5158270E-02 -0.4126635E-01  0.1021292E+01 -0.1723847E+00 -0.1117604E+00 -0.6516236E-01 -0.2660928E-01
      38100.000 -0.5501933E-02 -0.4227303E-01  0.1050600E+01 -0.1776125E+00 -0.1143601E+00 -0.6671364E-01 -0.2729247E-01
      38400.000 -0.5842306E-02 -0.4327970E-01  0.1079366E+01 -0.1827124E+00 -0.1169599E+00 -0.6826492E-01 -0.2797570E-01
      38700.000 -0.6178795E-02 -0.4428637E-01  0.1107594E+01 -0.1876854E+00 -0.1195597E+00 -0.6981621E-01 -0.2865896E-01
      39000.000 -0.6510901E-02 -0.4529305E-01  0.1135291E+01 -0.1925331E+00 -0.1221595E+00 -0.7136749E-01 -0.2934223E-01
      39300.000 -0.6838213E-02 -0.4629972E-01  0.1162464E+01 -0.1972573E+00 -0.1247592E+00 -0.7291878E-01 -0.3002553E-01
      39600.000 -0.7160394E-02 -0.4730640E-01  0.1189125E+01 -0.2018605E+00 -0.1273590E+00 -0.7447006E-01 -0.3070883E-01
      39900.000 -0.7477178E-02 -0.4831307E-01  0.1215283E+01 -0.2063450E+00 -0.1299588E+00 -0.7602135E-01 -0.3139214E-01
      40200.000 -0.7788357E-02 -0.4931975E-01  0.1240950E+01 -0.2107139E+00 -0.1325586E+00 -0.7757263E-01 -0.3207547E-01
      40500.000 -0.8093779E-02 -0.5032642E-01  0.1266139E+01 -0.2149700E+00 -0.1351583E+00 -0.7912392E-01 -0.3275879E-01
      40800.000 -0.8393336E-02 -0.5133310E-01  0.1290864E+01 -0.2191165E+00 -0.1377581E+00 -0.8067520E-01 -0.3344212E-01
      41100.000 -0.8686963E-02 -0.5233977E-01  0.1315138E+01 -0.2231566E+00 -0.1403579E+00 -0.8222649E-01 -0.3412545E-01
      41400.000 -0.8974630E-02 -0.5334645E-01  0.1338974E+01 -0.2270936E+00 -0.1429577E+00 -0.8377777E-01 -0.3480879E-01
      41700.000 -0.9256337E-02 -0.5435312E-01  0.1362388E+01 -0.2309308E+00 -0.1455574E+00 -0.8532905E-01 -0.3549213E-01
      42000.000 -0.9532112E-02 -0.5535979E-01  0.1385393E+01 -0.2346716E+00 -0.1481572E+00 -0.8688034E-01 -0.3617546E-01
      42300.000 -0.9802005E-02 -0.5636647E-01  0.1408003E+01 -0.2383192E+00 -0.1507570E+00 -0.8843162E-01 -0.3685880E-01
      42600.000 -0.1006609E-01 -0.5737314E-01  0.1430233E+01 -0.2418771E+00 -0.1533568E+00 -0.8998291E-01 -0.3754214E-01
      42900.000 -0.1032444E-01 -0.5837982E-01  0.1452095E+01 -0.2453483E+00 -0.1559565E+00 -0.9153419E-01 -0.3822549E-01
      43200.000 -0.1057716E-01 -0.5938649E-01  0.1473603E+01 -0.2487360E+00 -0.1585563E+00 -0.9308548E-01 -0.3890883E-01
      43500.000 -0.1082436E-01 -0.6039317E-01  0.1494771E+01 -0.2520434E+00 -0.1611561E+00 -0.9463676E-01 -0.3959217E-01
      43800.000 -0.1106617E-01 -0.6139984E-01  0.1515611E+01 -0.2552736E+00 -0.1637559E+00 -0.9618805E-01 -0.4027551E-01
      44100.000 -0.1130270E-01 -0.6240652E-01  0.1536136E+01 -0.2584293E+00 -0.1663556E+00 -0.9773933E-01 -0.4095885E-01
      44400.000 -0.1153408E-01 -0.6341319E-01  0.1556357E+01 -0.2615135E+00 -0.1689554E+00 -0.9929062E-01 -0.4164219E-01
      44700.000 -0.1176045E-01 -0.6441987E-01  0.1576284E+01 -0.2645280E+00 -0.1715552E+00 -0.1008419E+00 -0.4232554E-01
      45000.000 -0.1198196E-01 -0.6542654E-01  0.1595839E+01 -0.2674551E+00 -0.1741550E+00 -0.1023932E+00 -0.4300888E-01
      45300.000 -0.1219873E-01 -0.6643321E-01  0.1615005E+01 -0.2702902E+00 -0.1767547E+00 -0.1039445E+00 -0.4369222E-01
      45600.000 -0.1241090E-01 -0.6743989E-01  0.1633798E+01 -0.2730374E+00 -0.1793545E+00 -0.1054958E+00 -0.4437556E-01
      45900.000 -0.1261863E-01 -0.6844656E-01  0.1652236E+01 -0.2757008E+00 -0.1819543E+00 -0.1070470E+00 -0.4505891E-01
      46200.000 -0.1282204E-01 -0.6945324E-01  0.1670334E+01 -0.2782842E+00 -0.1845541E+00 -0.1085983E+00 -0.4574225E-01
      46500.000 -0.1302127E-01 -0.7045991E-01  0.1688108E+01 -0.2807911E+00 -0.1871538E+00 -0.1101496E+00 -0.4642559E-01
      46800.000 -0.1321646E-01 -0.7146659E-01  0.1705573E+01 -0.2832250E+00 -0.1897536E+00 -0.1117009E+00 -0.4710893E-01
      47100.000 -0.1340774E-01 -0.7247326E-01  0.1722742E+01 -0.2855892E+00 -0.1923534E+00 -0.1132522E+00 -0.4779228E-01
      47400.000 -0.1359524E-01 -0.7347994E-01  0.1739630E+01 -0.2878868E+00 -0.1949532E+00 -0.1148035E+00 -0.4847562E-01
      47700.000 -0.1377909E-01 -0.7448661E-01  0.1756247E+01 -0.2901207E+00 -0.1975529E+00 -0.1163547E+00 -0.4915896E-01
      48000.000 -0.1395942E-01 -0.7549329E-01  0.1772606E+01 -0.2922939E+00 -0.2001527E+00 -0.1179060E+00 -0.4984230E-01
      48300.000 -0.1413634E-01 -0.7649996E-01  0.1788719E+01 -0.2944089E+00 -0.2027525E+00 -0.1194573E+00 -0.5052565E-01
      48600.000 -0.1430998E-01 -0.7750664E-01  0.1804596E+01 -0.2964683E+00 -0.2053523E+00 -0.1210086E+00 -0.5120899E-01
      48900.000 -0.1448045E-01 -0.7851331E-01  0.1820248E+01 -0.2984745E+00 -0.2079520E+00 -0.1225599E+00 -0.5189233E-01
      49200.000 -0.1464786E-01 -0.7951998E-01  0.1835685E+01 -0.3004298E+00 -0.2105518E+00 -0.1241112E+00 -0.5257567E-01
      49500.000 -0.1481232E-01 -0.8052666E-01  0.1850914E+01 -0.3023365E+00 -0.2131516E+00 -0.1256625E+00 -0.5325902E-01
      49800.000 -0.1497394E-01 -0.8153333E-01  0.1865947E+01 -0.3041965E+00 -0.2157514E+00 -0.1272137E+00 -0.5394236E-01
      50100.000 -0.1513281E-01 -0.8254001E-01  0.1880789E+01 -0.3060120E+00 -0.2183511E+00 -0.1287650E+00 -0.5462570E-01
      50400.000 -0.1528903E-01 -0.8354668E-01  0.1895451E+01 -0.3077846E+00 -0.2209509E+00 -0.1303163E+00 -0.5530905E-01
      50700.000 -0.1544270E-01 -0.8455336E-01  0.1909939E+01 -0.3095163E+00 -0.2235507E+00 -0.1318676E+00 -0.5599239E-01
      51000.000 -0.1559391E-01 -0.8556003E-01  0.1924261E+01 -0.3112087E+00 -0.2261505E+00 -0.1334189E+00 -0.5667573E-01
      51300.000 -0.1574275E-01 -0.8656671E-01  0.1938423E+01 -0.3128634E+00 -0.2287502E+00 -0.1349702E+00 -0.5735907E-01
      51600.000 -0.1588930E-01 -0.8757338E-01  0.1952431E+01 -0.3144821E+00 -0.2313500E+00 -0.1365214E+00 -0.5804242E-01
      51900.000 -0.1603364E-01 -0.8858006E-01  0.1966293E+01 -0.3160660E+00 -0.2339498E+00 -0.1380727E+00 -0.5872576E-01
      52200.000 -0.1617585E-01 -0.8958673E-01  0.1980014E+01 -0.3176168E+00 -0.2365496E+00 -0.1396240E+00 -0.5940910E-01
      52500.000 -0.1631601E-01 -0.9059340E-01  0.1993600E+01 -0.3191355E+00 -0.2391493E+00 -0.1411753E+00 -0.6009244E-01
      52800.000 -0.1645420E-01 -0.9160008E-01  0.2007055E+01 -0.3206236E+00 -0.2417491E+00 -0.1427266E+00 -0.6077579E-01
      53100.000 -0.1659047E-01 -0.9260675E-01  0.2020385E+01 -0.3220822E+00 -0.2443489E+00 -0.1442779E+00 -0.6145913E-01
      53400.000 -0.1672490E-01 -0.9361343E-01  0.2033596E+01 -0.3235125E+00 -0.2469487E+00 -0.1458291E+00 -0.6214247E-01
      53700.000 -0.1685755E-01 -0.9462010E-01  0.2046691E+01 -0.3249156E+00 -0.2495484E+00 -0.1473804E+00 -0.6282581E-01
      54000.000 -0.1698849E-01 -0.9562678E-01  0.2059675E+01 -0.3262925E+00 -0.2521482E+00 -0.1489317E+00 -0.6350916E-01
      54300.000 -0.1711777E-01 -0.9663345E-01  0.2072552E+01 -0.3276442E+00 -0.2547480E+00 -0.1504830E+00 -0.6419250E-01
      54600.000 -0.1724546E-01 -0.9764013E-01  0.2085327E+01 -0.3289717E+00 -0.2573478E+00 -0.1520343E+00 -0.6487584E-01
      54900.000 -0.1737161E-01 -0.9864680E-01  0.2098002E+01 -0.3302758E+00 -0.2599475E+00 -0.1535856E+00 -0.6555918E-01
      55200.000 -0.1749626E-01 -0.9965348E-01  0.2110582E+01 -0.3315574E+00 -0.2625473E+00 -0.1551368E+00 -0.6624253E-01
      55500.000 -0.1761948E-01 -0.1006601E+00  0.2123071E+01 -0.3328174E+00 -0.2651471E+00 -0.1566881E+00 -0.6692587E-01
      55800.000 -0.1774132E-01 -0.1016668E+00  0.2135471E+01 -0.3340566E+00 -0.2677469E+00 -0.1582394E+00 -0.6760921E-01
      56100.000 -0.1786181E-01 -0.1026735E+00  0.2147786E+01 -0.3352756E+00 -0.2703466E+00 -0.1597907E+00 -0.6829256E-01
      56400.000 -0.1798100E-01 -0.1036802E+00  0.2160018E+01 -0.3364753E+00 -0.2729464E+00 -0.1613420E+00 -0.6897590E-01
      56700.000 -0.1809895E-01 -0.1046868E+00  0.2172172E+01 -0.3376562E+00 -0.2755462E+00 -0.1628933E+00 -0.6965924E-01
      57000.000 -0.1821569E-01 -0.1056935E+00  0.2184249E+01 -0.3388192E+00 -0.2781460E+00 -0.1644445E+00 -0.7034258E-01
      57300.000 -0.1833125E-01 -0.1067002E+00  0.2196252E+01 -0.3399647E+00 -0.2807457E+00 -0.1659958E+00 -0.7102593E-01
      57600.000 -0.1844569E-01 -0.1077069E+00  0.2208184E+01 -0.3410934E+00 -0.2833455E+00 -0.1675471E+00 -0.7170927E-01
      57900.000 -0.1855904E-01 -0.1087135E+00  0.2220047E+01 -0.3422059E+00 -0.2859453E+00 -0.1690984E+00 -0.7239261E-01
      58200.000 -0.1867132E-01 -0.1097202E+00  0.2231844E+01 -0.3433028E+00 -0.2885450E+00 -0.1706497E+00 -0.7307595E-01
      58500.000 -0.1878259E-01 -0.1107269E+00  0.2243577E+01 -0.3443845E+00 -0.2911448E+00 -0.1722010E+00 -0.7375930E-01
      58800.000 -0.1889287E-01 -0.1117336E+00  0.2255247E+01 -0.3454516E+00 -0.2937446E+00 -0.1737522E+00 -0.7444264E-01
      59100.000 -0.1900219E-01 -0.1127402E+00  0.2266858E+01 -0.3465045E+00 -0.2963444E+00 -0.1753035E+00 -0.7512598E-01
      59400.000 -0.1911058E-01 -0.1137469E+00  0.2278411E+01 -0.3475437E+00 -0.2989441E+00 -0.1768548E+00 -0.7580932E-01
      59700.000 -0.1921807E-01 -0.1147536E+00  0.2289907E+01 -0.3485698E+00 -0.3015439E+00 -0.1784061E+00 -0.7649267E-01
      60000.000 -0.1932470E-01 -0.1157603E+00  0.2301350E+01 -0.3495830E+00 -0.3041437E+00 -0.1799574E+00 -0.7717601E-01
      60300.000 -0.1943049E-01 -0.1167669E+00  0.2312740E+01 -0.3505838E+00 -0.3067435E+00 -0.1815087E+00 -0.7785935E-01
      60600.000 -0.1953546E-01 -0.1177736E+00  0.2324079E+01 -0.3515727E+00 -0.3093432E+00 -0.1830599E+00 -0.7854269E-01
      60900.000 -0.1963964E-01 -0.1187803E+00  0.2335368E+01 -0.3525499E+00 -0.3119430E+00 -0.1846112E+00 -0.7922604E-01
      61200.000 -0.1974306E-01 -0.1197870E+00  0.2346611E+01 -0.3535159E+00 -0.3145428E+00 -0.1861625E+00 -0.7990938E-01
      61500.000 -0.1984573E-01 -0.1207936E+00  0.2357807E+01 -0.3544710E+00 -0.3171426E+00 -0.1877138E+00 -0.8059272E-01
      61800.000 -0.1994768E-01 -0.1218003E+00  0.2368958E+01 -0.3554156E+00 -0.3197423E+00 -0.1892651E+00 -0.8127606E-01
      62100.000 -0.2004894E-01 -0.1228070E+00  0.2380066E+01 -0.3563499E+00 -0.3223421E+00 -0.1908164E+00 -0.8195941E-01
      62400.000 -0.2014952E-01 -0.1238137E+00  0.2391132E+01 -0.3572743E+00 -0.3249419E+00 -0.1923676E+00 -0.8264275E-01
      62700.000 -0.2024944E-01 -0.1248203E+00  0.2402157E+01 -0.3581891E+00 -0.3275417E+00 -0.1939189E+00 -0.8332609E-01
      63000.000 -0.2034873E-01 -0.1258270E+00  0.2413142E+01 -0.3590945E+00 -0.3301414E+00 -0.1954702E+00 -0.8400943E-01
      63300.000 -0.2044740E-01 -0.1268337E+00  0.2424089E+01 -0.3599909E+00 -0.3327412E+00 -0.1970215E+00 -0.8469278E-01
      63600.000 -0.2054547E-01 -0.1278404E+00  0.2434999E+01 -0.3608785E+00 -0.3353410E+00 -0.1985728E+00 -0.8537612E-01
      63900.000 -0.2064295E-01 -0.1288470E+00  0.2445873E+01 -0.3617576E+00 -0.3379407E+00 -0.2001240E+00 -0.8605946E-01
      64200.000 -0.2073987E-01 -0.1298537E+00  0.2456711E+01 -0.3626284E+00 -0.3405405E+00 -0.2016753E+00 -0.8674280E-01
      64500.000 -0.2083623E-01 -0.1308604E+00  0.2467516E+01 -0.3634912E+00 -0.3431403E+00 -0.2032266E+00 -0.8742615E-01
      64800.000 -0.2093206E-01 -0.1318671E+00  0.2478287E+01 -0.3643461E+00 -0.3457401E+00 -0.2047779E+00 -0.8810949E-01
      65100.000 -0.2102738E-01 -0.1328737E+00  0.2489026E+01 -0.3651935E+00 -0.3483398E+00 -0.2063292E+00 -0.8879283E-01
      65400.000 -0.2112218E-01 -0.1338804E+00  0.2499734E+01 -0.3660334E+00 -0.3509396E+00 -0.2078804E+00 -0.8947617E-01
      65700.000 -0.2121650E-01 -0.1348871E+00  0.2510412E+01 -0.3668663E+00 -0.3535394E+00 -0.2094317E+00 -0.9015952E-01
      66000.000 -0.2131033E-01 -0.1358938E+00  0.2521060E+01 -0.3676921E+00 -0.3561391E+00 -0.2109830E+00 -0.9084286E-01
      66300.000 -0.2140370E-01 -0.1369004E+00  0.2531679E+01 -0.3685112E+00 -0.3587389E+00 -0.2125343E+00 -0.9152620E-01
      66600.000 -0.2149662E-01 -0.1379071E+00  0.2542271E+01 -0.3693237E+00 -0.3613387E+00 -0.2140856E+00 -0.9220954E-01
      66900.000 -0.2158910E-01 -0.1389138E+00  0.2552835E+01 -0.3701298E+00 -0.3639385E+00 -0.2156368E+00 -0.9289289E-01
      67200.000 -0.2168115E-01 -0.1399205E+00  0.2563373E+01 -0.3709296E+00 -0.3665382E+00 -0.2171881E+00 -0.9357623E-01
      67500.000 -0.2177278E-01 -0.1409271E+00  0.2573885E+01 -0.3717234E+00 -0.3691380E+00 -0.2187394E+00 -0.9425957E-01
      67800.000 -0.2186400E-01 -0.1419338E+00  0.2584372E+01 -0.3725112E+00 -0.3717378E+00 -0.2202907E+00 -0.9494291E-01
      68100.000 -0.2195483E-01 -0.1429405E+00  0.2594834E+01 -0.3732933E+00 -0.3743375E+00 -0.2218419E+00 -0.9562626E-01
      68400.000 -0.2204527E-01 -0.1439471E+00  0.2605273E+01 -0.3740698E+00 -0.3769373E+00 -0.2233932E+00 -0.9630960E-01
      68700.000 -0.2213534E-01 -0.1449538E+00  0.2615689E+01 -0.3748409E+00 -0.3795371E+00 -0.2249445E+00 -0.9699294E-01
      69000.000 -0.2222504E-01 -0.1459605E+00  0.2626082E+01 -0.3756066E+00 -0.3821369E+00 -0.2264958E+00 -0.9767628E-01
      69300.000 -0.2231438E-01 -0.1469672E+00  0.2636453E+01 -0.3763672E+00 -0.3847366E+00 -0.2280471E+00 -0.9835963E-01
      69600.000 -0.2240337E-01 -0.1479738E+00  0.2646803E+01 -0.3771227E+00 -0.3873364E+00 -0.2295983E+00 -0.9904297E-01
      69900.000 -0.2249202E-01 -0.1489805E+00  0.2657132E+01 -0.3778733E+00 -0.3899362E+00 -0.2311496E+00 -0.9972631E-01
      70200.000 -0.2258033E-01 -0.1499872E+00  0.2667441E+01 -0.3786191E+00 -0.3925359E+00 -0.2327009E+00 -0.1004097E+00
      70500.000 -0.2266833E-01 -0.1509939E+00  0.2677730E+01 -0.3793602E+00 -0.3951357E+00 -0.2342522E+00 -0.1010930E+00
      70800.000 -0.2275600E-01 -0.1520005E+00  0.2687999E+01 -0.3800968E+00 -0.3977355E+00 -0.2358034E+00 -0.1017763E+00
      71100.000 -0.2284337E-01 -0.1530072E+00  0.2698250E+01 -0.3808289E+00 -0.4003352E+00 -0.2373547E+00 -0.1024597E+00
      71400.000 -0.2293044E-01 -0.1540139E+00  0.2708483E+01 -0.3815567E+00 -0.4029350E+00 -0.2389060E+00 -0.1031430E+00
      71700.000 -0.2301721E-01 -0.1550206E+00  0.2718697E+01 -0.3822803E+00 -0.4055348E+00 -0.2404572E+00 -0.1038264E+00
      72000.000 -0.2310369E-01 -0.1560272E+00  0.2728894E+01 -0.3829997E+00 -0.4081345E+00 -0.2420085E+00 -0.1045097E+00
      72300.000 -0.2318989E-01 -0.1570339E+00  0.2739074E+01 -0.3837151E+00 -0.4107343E+00 -0.2435598E+00 -0.1051930E+00
      72600.000 -0.2327581E-01 -0.1580406E+00  0.2749237E+01 -0.3844266E+00 -0.4133341E+00 -0.2451111E+00 -0.1058764E+00
      72900.000 -0.2336147E-01 -0.1590473E+00  0.2759384E+01 -0.3851342E+00 -0.4159338E+00 -0.2466623E+00 -0.1065597E+00
      73200.000 -0.2344686E-01 -0.1600539E+00  0.2769515E+01 -0.3858381E+00 -0.4185336E+00 -0.2482136E+00 -0.1072431E+00
      73500.000 -0.2353200E-01 -0.1610606E+00  0.2779630E+01 -0.3865383E+00 -0.4211334E+00 -0.2497649E+00 -0.1079264E+00
      73800.000 -0.2361688E-01 -0.1620673E+00  0.2789731E+01 -0.3872350E+00 -0.4237331E+00 -0.2513161E+00 -0.1086098E+00
      74100.000 -0.2370152E-01 -0.1630740E+00  0.2799816E+01 -0.3879281E+00 -0.4263329E+00 -0.2528674E+00 -0.1092931E+00
      74400.000 -0.2378591E-01 -0.1640806E+00  0.2809887E+01 -0.3886179E+00 -0.4289327E+00 -0.2544187E+00 -0.1099764E+00
      74700.000 -0.2387007E-01 -0.1650873E+00  0.2819944E+01 -0.3893043E+00 -0.4315324E+00 -0.2559699E+00 -0.1106598E+00
      75000.000 -0.2395400E-01 -0.1660940E+00  0.2829987E+01 -0.3899874E+00 -0.4341322E+00 -0.2575212E+00 -0.1113431E+00
      75300.000 -0.2403770E-01 -0.1671007E+00  0.2840017E+01 -0.3906674E+00 -0.4367320E+00 -0.2590725E+00 -0.1120265E+00
      75600.000 -0.2412118E-01 -0.1681073E+00  0.2850033E+01 -0.3913443E+00 -0.4393317E+00 -0.2606237E+00 -0.1127098E+00
      75900.000 -0.2420444E-01 -0.1691140E+00  0.2860037E+01 -0.3920181E+00 -0.4419315E+00 -0.2621750E+00 -0.1133932E+00
      76200.000 -0.2428749E-01 -0.1701207E+00  0.2870027E+01 -0.3926889E+00 -0.4445312E+00 -0.2637263E+00 -0.1140765E+00
      76500.000 -0.2437033E-01 -0.1711273E+00  0.2880006E+01 -0.3933568E+00 -0.4471310E+00 -0.2652775E+00 -0.1147598E+00
      76800.000 -0.2445296E-01 -0.1721340E+00  0.2889972E+01 -0.3940219E+00 -0.4497308E+00 -0.2668288E+00 -0.1154432E+00
      77100.000 -0.2453540E-01 -0.1731407E+00  0.2899927E+01 -0.3946842E+00 -0.4523305E+00 -0.2683800E+00 -0.1161265E+00
      77400.000 -0.2461763E-01 -0.1741474E+00  0.2909870E+01 -0.3953437E+00 -0.4549303E+00 -0.2699313E+00 -0.1168099E+00
      77700.000 -0.2469968E-01 -0.1751540E+00  0.2919802E+01 -0.3960006E+00 -0.4575300E+00 -0.2714826E+00 -0.1174932E+00
      78000.000 -0.2478153E-01 -0.1761607E+00  0.2929723E+01 -0.3966549E+00 -0.4601298E+00 -0.2730338E+00 -0.1181765E+00
      78300.000 -0.2486320E-01 -0.1771674E+00  0.2939632E+01 -0.3973066E+00 -0.4627296E+00 -0.2745851E+00 -0.1188599E+00
      78600.000 -0.2494468E-01 -0.1781741E+00  0.2949532E+01 -0.3979558E+00 -0.4653293E+00 -0.2761363E+00 -0.1195432E+00
      78900.000 -0.2502599E-01 -0.1791807E+00  0.2959421E+01 -0.3986026E+00 -0.4679291E+00 -0.2776876E+00 -0.1202266E+00
      79200.000 -0.2510712E-01 -0.1801874E+00  0.2969299E+01 -0.3992470E+00 -0.4705288E+00 -0.2792388E+00 -0.1209099E+00
      79500.000 -0.2518808E-01 -0.1811941E+00  0.2979168E+01 -0.3998890E+00 -0.4731286E+00 -0.2807901E+00 -0.1215933E+00
      79800.000 -0.2526886E-01 -0.1822008E+00  0.2989027E+01 -0.4005287E+00 -0.4757283E+00 -0.2823413E+00 -0.1222766E+00
      80100.000 -0.2534948E-01 -0.1832074E+00  0.2998877E+01 -0.4011662E+00 -0.4783281E+00 -0.2838926E+00 -0.1229599E+00
      80400.000 -0.2542994E-01 -0.1842141E+00  0.3008717E+01 -0.4018015E+00 -0.4809278E+00 -0.2854438E+00 -0.1236433E+00
      80700.000 -0.2551024E-01 -0.1852208E+00  0.3018548E+01 -0.4024346E+00 -0.4835276E+00 -0.2869951E+00 -0.1243266E+00
      81000.000 -0.2559037E-01 -0.1862274E+00  0.3028370E+01 -0.4030656E+00 -0.4861274E+00 -0.2885463E+00 -0.1250100E+00
      81300.000 -0.2567035E-01 -0.1872341E+00  0.3038183E+01 -0.4036945E+00 -0.4887271E+00 -0.2900976E+00 -0.1256933E+00
      81600.000 -0.2575018E-01 -0.1882408E+00  0.3047987E+01 -0.4043214E+00 -0.4913269E+00 -0.2916488E+00 -0.1263766E+00
      81900.000 -0.2582986E-01 -0.1892475E+00  0.3057784E+01 -0.4049463E+00 -0.4939266E+00 -0.2932001E+00 -0.1270600E+00
      82200.000 -0.2590939E-01 -0.1902541E+00  0.3067571E+01 -0.4055693E+00 -0.4965264E+00 -0.2947513E+00 -0.1277433E+00
      82500.000 -0.2598877E-01 -0.1912608E+00  0.3077351E+01 -0.4061903E+00 -0.4991261E+00 -0.2963025E+00 -0.1284267E+00
      82800.000 -0.2606801E-01 -0.1922675E+00  0.3087123E+01 -0.4068095E+00 -0.5017258E+00 -0.2978538E+00 -0.1291100E+00
      83100.000 -0.2614711E-01 -0.1932742E+00  0.3096887E+01 -0.4074268E+00 -0.5043256E+00 -0.2994050E+00 -0.1297933E+00
      83400.000 -0.2622607E-01 -0.1942808E+00  0.3106643E+01 -0.4080423E+00 -0.5069253E+00 -0.3009562E+00 -0.1304767E+00
      83700.000 -0.2630489E-01 -0.1952875E+00  0.3116392E+01 -0.4086560E+00 -0.5095251E+00 -0.3025075E+00 -0.1311600E+00
      84000.000 -0.2638358E-01 -0.1962942E+00  0.3126133E+01 -0.4092680E+00 -0.5121248E+00 -0.3040587E+00 -0.1318434E+00
      84300.000 -0.2646213E-01 -0.1973008E+00  0.3135868E+01 -0.4098783E+00 -0.5147246E+00 -0.3056099E+00 -0.1325267E+00
      84600.000 -0.2654056E-01 -0.1983075E+00  0.3145595E+01 -0.4104869E+00 -0.5173243E+00 -0.3071612E+00 -0.1332100E+00
      84900.000 -0.2661885E-01 -0.1993142E+00  0.3155315E+01 -0.4110939E+00 -0.5199241E+00 -0.3087124E+00 -0.1338934E+00
      85200.000 -0.2669702E-01 -0.2003209E+00  0.3165028E+01 -0.4116993E+00 -0.5225238E+00 -0.3102636E+00 -0.1345767E+00
      85500.000 -0.2677507E-01 -0.2013275E+00  0.3174735E+01 -0.4123031E+00 -0.5251235E+00 -0.3118148E+00 -0.1352601E+00
      85800.000 -0.2685299E-01 -0.2023342E+00  0.3184435E+01 -0.4129053E+00 -0.5277233E+00 -0.3133661E+00 -0.1359434E+00
      86100.000 -0.2693079E-01 -0.2033409E+00  0.3194128E+01 -0.4135060E+00 -0.5303230E+00 -0.3149173E+00 -0.1366267E+00
      86399.000 -0.2700821E-01 -0.2043442E+00  0.3203783E+01 -0.4141033E+00 -0.5329141E+00 -0.3164633E+00 -0.1373078E+00
