           T(s)              1              2              3              4              5              6              7
          0.000  0.1157082E-07  0.2914453E-07  0.1456556E-07  0.1892704E-07  0.3683499E-07  0.6270011E-07  0.2799993E-07
        300.000  0.3483224E-05  0.8768080E-05  0.4400736E-05  0.5703074E-05  0.1107354E-04  0.1884208E-04  0.8426146E-05
        600.000  0.6956714E-05  0.1748797E-04  0.8858656E-05  0.1141326E-04  0.2205076E-04  0.3748933E-04  0.1681638E-04
        900.000  0.1043315E-04  0.2617723E-04  0.1343253E-04  0.1716486E-04  0.3293285E-04  0.5592582E-04  0.2519386E-04
       1200.000  0.1391343E-04  0.3482646E-04  0.1815910E-04  0.2296971E-04  0.4369153E-04  0.7408995E-04  0.3355464E-04
       1500.000  0.1739832E-04  0.4342748E-04  0.2307136E-04  0.2883740E-04  0.5430292E-04  0.9193056E-04  0.4189522E-04
       1800.000  0.2088851E-04  0.5197294E-04  0.2819991E-04  0.3477575E-04  0.6474647E-04  0.1094046E-03  0.5021242E-04
       2100.000  0.2438459E-04  0.6045619E-04  0.3357366E-04  0.4079102E-04  0.7500441E-04  0.1264757E-03  0.5850332E-04
       2400.000  0.2788710E-04  0.6887114E-04  0.3922026E-04  0.4688810E-04  0.8506141E-04  0.1431138E-03  0.6676519E-04
       2700.000  0.3139654E-04  0.7721222E-04  0.4516636E-04  0.5307058E-04  0.9490432E-04  0.1592940E-03  0.7499547E-04
       3000.000  0.3491332E-04  0.8547431E-04  0.5143779E-04  0.5934092E-04  0.1045220E-03  0.1749964E-03  0.8319175E-04
       3300.000  0.3843784E-04  0.9365267E-04  0.5805970E-04  0.6570046E-04  0.1139051E-03  0.1902055E-03  0.9135175E-04
       3600.000  0.4197042E-04  0.1017430E-03  0.6505661E-04  0.7214958E-04  0.1230461E-03  0.2049100E-03  0.9947330E-04
       3900.000  0.4551136E-04  0.1097413E-03  0.7245253E-04  0.7868776E-04  0.1319389E-03  0.2191022E-03  0.1075544E-03
       4200.000  0.4906091E-04  0.1176439E-03  0.8027090E-04  0.8531361E-04  0.1405788E-03  0.2327777E-03  0.1155930E-03
       4500.000  0.5261928E-04  0.1254476E-03  0.8853471E-04  0.9202503E-04  0.1489627E-03  0.2459353E-03  0.1235873E-03
       4800.000  0.5618664E-04  0.1331492E-03  0.9726642E-04  0.9881923E-04  0.1570884E-03  0.2585763E-03  0.1315356E-03
       5100.000  0.5976313E-04  0.1407462E-03  0.1064881E-03  0.1056928E-03  0.1649550E-03  0.2707044E-03  0.1394361E-03
       5400.000  0.6334885E-04  0.1482360E-03  0.1162211E-03  0.1126419E-03  0.1725627E-03  0.2823256E-03  0.1472874E-03
       5700.000  0.6694387E-04  0.1556165E-03  0.1264865E-03  0.1196620E-03  0.1799124E-03  0.2934474E-03  0.1550878E-03
       6000.000  0.7054822E-04  0.1628857E-03  0.1373048E-03  0.1267485E-03  0.1870060E-03  0.3040792E-03  0.1628360E-03
       6300.000  0.7416191E-04  0.1700420E-03  0.1486959E-03  0.1338961E-03  0.1938460E-03  0.3142315E-03  0.1705305E-03
       6600.000  0.7778493E-04  0.1770839E-03  0.1606791E-03  0.1410995E-03  0.2004358E-03  0.3239160E-03  0.1781702E-03
       6900.000  0.8141722E-04  0.1840102E-03  0.1732733E-03  0.1483532E-03  0.2067790E-03  0.3331455E-03  0.1857537E-03
       7200.000  0.8505871E-04  0.1908199E-03  0.1864965E-03  0.1556512E-03  0.2128801E-03  0.3419332E-03  0.1932799E-03
       7500.000  0.8870931E-04  0.1975120E-03  0.2003662E-03  0.1629878E-03  0.2187439E-03  0.3502931E-03  0.2007478E-03
       7800.000  0.9236889E-04  0.2040861E-03  0.2148995E-03  0.1703569E-03  0.2243754E-03  0.3582396E-03  0.2081563E-03
       8100.000  0.9603731E-04  0.2105416E-03  0.2301123E-03  0.1777525E-03  0.2297801E-03  0.3657874E-03  0.2155045E-03
       8400.000  0.9971442E-04  0.2168783E-03  0.2460203E-03  0.1851685E-03  0.2349638E-03  0.3729513E-03  0.2227914E-03
       8700.000  0.1034000E-03  0.2230960E-03  0.2626382E-03  0.1925990E-03  0.2399324E-03  0.3797462E-03  0.2300162E-03
       9000.000  0.1070939E-03  0.2291948E-03  0.2799801E-03  0.2000380E-03  0.2446919E-03  0.3861869E-03  0.2371782E-03
       9300.000  0.1107959E-03  0.2351748E-03  0.2980593E-03  0.2074797E-03  0.2492486E-03  0.3922884E-03  0.2442765E-03
       9600.000  0.1145058E-03  0.2410364E-03  0.3168882E-03  0.2149182E-03  0.2536088E-03  0.3980651E-03  0.2513105E-03
       9900.000  0.1182233E-03  0.2467800E-03  0.3364787E-03  0.2223480E-03  0.2577788E-03  0.4035314E-03  0.2582796E-03
      10200.000  0.1219481E-03  0.2524062E-03  0.3568418E-03  0.2297636E-03  0.2617650E-03  0.4087013E-03  0.2651832E-03
      10500.000  0.1256801E-03  0.2579156E-03  0.3779877E-03  0.2371597E-03  0.2655736E-03  0.4135887E-03  0.2720207E-03
      10800.000  0.1294189E-03  0.2633090E-03  0.3999258E-03  0.2445311E-03  0.2692111E-03  0.4182069E-03  0.2787917E-03
      11100.000  0.1433608E-03  0.2989315E-03  0.4404804E-03  0.2714329E-03  0.3196846E-03  0.4581919E-03  0.3006843E-03
      11400.000  0.1778720E-03  0.3943077E-03  0.5206411E-03  0.3383112E-03  0.4607636E-03  0.5664285E-03  0.3527655E-03
      11700.000  0.2331530E-03  0.5474364E-03  0.6461266E-03  0.4466441E-03  0.6851738E-03  0.7375815E-03  0.4346391E-03
      12000.000  0.3094917E-03  0.7554638E-03  0.8248960E-03  0.5984240E-03  0.9824410E-03  0.9647826E-03  0.5457915E-03
      12300.000  0.4072704E-03  0.1014555E-02  0.1067930E-02  0.7959608E-03  0.1339167E-02  0.1239606E-02  0.6855589E-03
      12600.000  0.5269543E-03  0.1319919E-02  0.1389874E-02  0.1041466E-02  0.1740130E-02  0.1552470E-02  0.8531093E-03
      12900.000  0.6690650E-03  0.1665942E-02  0.1809516E-02  0.1336543E-02  0.2169749E-02  0.1893283E-02  0.1047434E-02
      13200.000  0.8341450E-03  0.2046407E-02  0.2350062E-02  0.1681719E-02  0.2613510E-02  0.2252161E-02  0.1267348E-02
      13500.000  0.1022716E-02  0.2454744E-02  0.3039117E-02  0.2076100E-02  0.3059051E-02  0.2620063E-02  0.1511498E-02
      13800.000  0.1235237E-02  0.2884316E-02  0.3908342E-02  0.2517230E-02  0.3496765E-02  0.2989265E-02  0.1778375E-02
      14100.000  0.1472069E-02  0.3328675E-02  0.4992753E-02  0.3001145E-02  0.3919925E-02  0.3353614E-02  0.2066334E-02
      14400.000  0.1733439E-02  0.3781796E-02  0.6329722E-02  0.3522596E-02  0.4324438E-02  0.3708580E-02  0.2373614E-02
      14700.000  0.2029731E-02  0.4267501E-02  0.7978606E-02  0.4095566E-02  0.4751603E-02  0.4084567E-02  0.2713384E-02
      15000.000  0.2371757E-02  0.4804966E-02  0.1001618E-01  0.4735982E-02  0.5227543E-02  0.4502287E-02  0.3097862E-02
      15300.000  0.2760011E-02  0.5381604E-02  0.1251082E-01  0.5438619E-02  0.5730424E-02  0.4945538E-02  0.3523413E-02
      15600.000  0.3194729E-02  0.5985550E-02  0.1553442E-01  0.6195952E-02  0.6243465E-02  0.5401085E-02  0.3986130E-02
      15900.000  0.3675846E-02  0.6606050E-02  0.1915968E-01  0.6998673E-02  0.6754620E-02  0.5858713E-02  0.4481906E-02
      16200.000  0.4202984E-02  0.7233744E-02  0.2345709E-01  0.7836358E-02  0.7255945E-02  0.6311049E-02  0.5006505E-02
      16500.000  0.4775458E-02  0.7860824E-02  0.2849198E-01  0.8698189E-02  0.7742771E-02  0.6753190E-02  0.5555637E-02
      16800.000  0.5392308E-02  0.8481075E-02  0.3432174E-01  0.9573626E-02  0.8212852E-02  0.7182236E-02  0.6125041E-02
      17100.000  0.6052341E-02  0.9089804E-02  0.4099368E-01  0.1045297E-01  0.8665597E-02  0.7596803E-02  0.6710555E-02
      17400.000  0.6754193E-02  0.9683704E-02  0.4854340E-01  0.1132774E-01  0.9101450E-02  0.7996578E-02  0.7308191E-02
      17700.000  0.7496381E-02  0.1026066E-01  0.5699394E-01  0.1219093E-01  0.9521429E-02  0.8381945E-02  0.7914184E-02
      18000.000  0.8277363E-02  0.1081953E-01  0.6635547E-01  0.1303703E-01  0.9926811E-02  0.8753702E-02  0.8525050E-02
      18300.000  0.9116333E-02  0.1141608E-01  0.7667669E-01  0.1390257E-01  0.1039979E-01  0.9175897E-02  0.9167100E-02
      18600.000  0.1003395E-01  0.1208839E-01  0.8806658E-01  0.1482845E-01  0.1097498E-01  0.9680433E-02  0.9863109E-02
      18900.000  0.1103005E-01  0.1281239E-01  0.1006122E+00  0.1581003E-01  0.1160124E-01  0.1023067E-01  0.1060436E-01
      19200.000  0.1210370E-01  0.1356853E-01  0.1143889E+00  0.1683718E-01  0.1224685E-01  0.1080185E-01  0.1138244E-01
      19500.000  0.1325341E-01  0.1434134E-01  0.1294544E+00  0.1789730E-01  0.1289310E-01  0.1137792E-01  0.1218936E-01
      19800.000  0.1447714E-01  0.1511899E-01  0.1458442E+00  0.1897739E-01  0.1352977E-01  0.1194905E-01  0.1301768E-01
      20100.000  0.1577252E-01  0.1589281E-01  0.1635697E+00  0.2006542E-01  0.1415188E-01  0.1250967E-01  0.1386056E-01
      20400.000  0.1713682E-01  0.1665672E-01  0.1826178E+00  0.2115109E-01  0.1475754E-01  0.1305706E-01  0.1471188E-01
      20700.000  0.1856712E-01  0.1740673E-01  0.2029515E+00  0.2222618E-01  0.1534656E-01  0.1359022E-01  0.1556623E-01
      21000.000  0.2006031E-01  0.1814048E-01  0.2245127E+00  0.2328454E-01  0.1591960E-01  0.1410917E-01  0.1641895E-01
      21300.000  0.2161311E-01  0.1885680E-01  0.2472244E+00  0.2432193E-01  0.1647769E-01  0.1461449E-01  0.1726610E-01
      21600.000  0.2322211E-01  0.1955537E-01  0.2709945E+00  0.2533571E-01  0.1702193E-01  0.1510700E-01  0.1810445E-01
      21900.000  0.2492529E-01  0.2034442E-01  0.2958392E+00  0.2640588E-01  0.1770466E-01  0.1570659E-01  0.1898919E-01
      22200.000  0.2676301E-01  0.2128357E-01  0.3219756E+00  0.2761455E-01  0.1856181E-01  0.1645242E-01  0.1996410E-01
      22500.000  0.2873261E-01  0.2231441E-01  0.3495778E+00  0.2894265E-01  0.1948562E-01  0.1726371E-01  0.2101016E-01
      22800.000  0.3082911E-01  0.2339528E-01  0.3787664E+00  0.3035952E-01  0.2042344E-01  0.1809590E-01  0.2211030E-01
      23100.000  0.3304596E-01  0.2449725E-01  0.4095980E+00  0.3183350E-01  0.2135115E-01  0.1892561E-01  0.2324944E-01
      23400.000  0.3537543E-01  0.2560100E-01  0.4420653E+00  0.3333689E-01  0.2225899E-01  0.1974154E-01  0.2441447E-01
      23700.000  0.3780906E-01  0.2669418E-01  0.4761039E+00  0.3484777E-01  0.2314396E-01  0.2053899E-01  0.2559422E-01
      24000.000  0.4033778E-01  0.2776948E-01  0.5116017E+00  0.3635003E-01  0.2400606E-01  0.2131665E-01  0.2677933E-01
      24300.000  0.4295217E-01  0.2882299E-01  0.5484104E+00  0.3783269E-01  0.2484648E-01  0.2207486E-01  0.2796220E-01
      24600.000  0.4564250E-01  0.2985306E-01  0.5863557E+00  0.3928889E-01  0.2566674E-01  0.2281464E-01  0.2913676E-01
      24900.000  0.4839885E-01  0.3085945E-01  0.6252479E+00  0.4071484E-01  0.2646838E-01  0.2353724E-01  0.3029836E-01
      25200.000  0.5121120E-01  0.3184277E-01  0.6648905E+00  0.4210892E-01  0.2725281E-01  0.2424392E-01  0.3144353E-01
      25500.000  0.5400723E-01  0.3264925E-01  0.7048769E+00  0.4334882E-01  0.2781138E-01  0.2476904E-01  0.3248517E-01
      25800.000  0.5671235E-01  0.3321590E-01  0.7444015E+00  0.4432272E-01  0.2813239E-01  0.2508705E-01  0.3336143E-01
      26100.000  0.5931806E-01  0.3363992E-01  0.7827944E+00  0.4508243E-01  0.2836660E-01  0.2531673E-01  0.3410416E-01
      26400.000  0.6181944E-01  0.3397969E-01  0.8195825E+00  0.4568753E-01  0.2856907E-01  0.2550886E-01  0.3473979E-01
      26700.000  0.6421343E-01  0.3426986E-01  0.8544727E+00  0.4618675E-01  0.2875970E-01  0.2568490E-01  0.3529001E-01
      27000.000  0.6649827E-01  0.3453077E-01  0.8873362E+00  0.4667707E-01  0.2894561E-01  0.2585383E-01  0.3577237E-01
      27300.000  0.6867456E-01  0.3477433E-01  0.9186180E+00  0.4762212E-01  0.2912935E-01  0.2601942E-01  0.3620101E-01
      27600.000  0.7075021E-01  0.3500748E-01  0.9495535E+00  0.4931029E-01  0.2931182E-01  0.2618322E-01  0.3658719E-01
      27900.000  0.7274304E-01  0.3523425E-01  0.9816330E+00  0.5181061E-01  0.2949336E-01  0.2634589E-01  0.3693989E-01
      28200.000  0.7468027E-01  0.3545695E-01  0.1016338E+01  0.5509579E-01  0.2967409E-01  0.2650770E-01  0.3726619E-01
      28500.000  0.7659681E-01  0.3567695E-01  0.1055026E+01  0.5908836E-01  0.2985406E-01  0.2666877E-01  0.3757168E-01
      28800.000  0.7853321E-01  0.3589502E-01  0.1098861E+01  0.6368662E-01  0.3003329E-01  0.2682915E-01  0.3786076E-01
      29100.000  0.8052209E-01  0.3608611E-01  0.1148173E+01  0.6808265E-01  0.3017736E-01  0.2696148E-01  0.3812287E-01
      29400.000  0.8258437E-01  0.3624048E-01  0.1201112E+01  0.7180715E-01  0.3028492E-01  0.2706200E-01  0.3835107E-01
      29700.000  0.8473306E-01  0.3637397E-01  0.1256078E+01  0.7515531E-01  0.3037993E-01  0.2714968E-01  0.3855304E-01
      30000.000  0.8696977E-01  0.3649560E-01  0.1312130E+01  0.7830690E-01  0.3047057E-01  0.2723214E-01  0.3873472E-01
      30300.000  0.8929003E-01  0.3661043E-01  0.1368769E+01  0.8136536E-01  0.3055961E-01  0.2731244E-01  0.3890072E-01
      30600.000  0.9168729E-01  0.3672136E-01  0.1425836E+01  0.8438671E-01  0.3064799E-01  0.2739177E-01  0.3905460E-01
      30900.000  0.9415511E-01  0.3683001E-01  0.1483288E+01  0.8739855E-01  0.3073605E-01  0.2747064E-01  0.3919912E-01
      31200.000  0.9668765E-01  0.3693727E-01  0.1541111E+01  0.9041165E-01  0.3082388E-01  0.2754923E-01  0.3933639E-01
      31500.000  0.9927969E-01  0.3704368E-01  0.1599296E+01  0.9342676E-01  0.3091153E-01  0.2762762E-01  0.3946806E-01
      31800.000  0.1019265E+00  0.3714952E-01  0.1657821E+01  0.9643853E-01  0.3099900E-01  0.2770584E-01  0.3959538E-01
      32100.000  0.1046236E+00  0.3725496E-01  0.1716637E+01  0.9943771E-01  0.3108631E-01  0.2778391E-01  0.3971930E-01
      32400.000  0.1073663E+00  0.3736008E-01  0.1775666E+01  0.1024126E+00  0.3117345E-01  0.2786183E-01  0.3984059E-01
      32700.000  0.1101349E+00  0.3743954E-01  0.1833336E+01  0.1043922E+00  0.3122624E-01  0.2791237E-01  0.3994584E-01
      33000.000  0.1128745E+00  0.3748367E-01  0.1885305E+01  0.1051295E+00  0.3124371E-01  0.2793210E-01  0.4002601E-01
      33300.000  0.1155143E+00  0.3750817E-01  0.1929679E+01  0.1052601E+00  0.3124949E-01  0.2793980E-01  0.4008705E-01
      33600.000  0.1179878E+00  0.3752176E-01  0.1966284E+01  0.1050761E+00  0.3125140E-01  0.2794281E-01  0.4013352E-01
      33900.000  0.1202456E+00  0.3752930E-01  0.1995647E+01  0.1047099E+00  0.3125203E-01  0.2794398E-01  0.4016887E-01
      34200.000  0.1222574E+00  0.3753349E-01  0.2018531E+01  0.1042215E+00  0.3125224E-01  0.2794443E-01  0.4019578E-01
      34500.000  0.1240093E+00  0.3753581E-01  0.2035726E+01  0.1036391E+00  0.3125231E-01  0.2794461E-01  0.4021625E-01
      34800.000  0.1255006E+00  0.3753710E-01  0.2047968E+01  0.1029770E+00  0.3125233E-01  0.2794468E-01  0.4023182E-01
      35100.000  0.1267395E+00  0.3753781E-01  0.2055913E+01  0.1022441E+00  0.3125234E-01  0.2794471E-01  0.4024366E-01
      35400.000  0.1277402E+00  0.3753821E-01  0.2060131E+01  0.1014472E+00  0.3125234E-01  0.2794472E-01  0.4025267E-01
      35700.000  0.1285205E+00  0.3753843E-01  0.2061121E+01  0.1005928E+00  0.3125234E-01  0.2794472E-01  0.4025952E-01
      36000.000  0.1290996E+00  0.3753855E-01  0.2059311E+01  0.9968696E-01  0.3125234E-01  0.2794473E-01  0.4026474E-01
      36300.000  0.1294973E+00  0.3753862E-01  0.2055077E+01  0.9873631E-01  0.3125234E-01  0.2794473E-01  0.4026870E-01
      36600.000  0.1297328E+00  0.3753865E-01  0.2048747E+01  0.9774732E-01  0.3125234E-01  0.2794473E-01  0.4027171E-01
      36900.000  0.1298244E+00  0.3753868E-01  0.2040608E+01  0.9672650E-01  0.3125234E-01  0.2794473E-01  0.4027401E-01
      37200.000  0.1297893E+00  0.3753869E-01  0.2030916E+01  0.9568017E-01  0.3125234E-01  0.2794473E-01  0.4027575E-01
      37500.000  0.1296430E+00  0.3753869E-01  0.2019898E+01  0.9461443E-01  0.3125234E-01  0.2794473E-01  0.4027708E-01
      37800.000  0.1294001E+00  0.3753870E-01  0.2007755E+01  0.9353504E-01  0.3125234E-01  0.2794473E-01  0.4027809E-01
      38100.000  0.1290734E+00  0.3753870E-01  0.1994669E+01  0.9244736E-01  0.3125234E-01  0.2794473E-01  0.4027885E-01
      38400.000  0.1286748E+00  0.3753870E-01  0.1980801E+01  0.9135631E-01  0.3125234E-01  0.2794473E-01  0.4027944E-01
      38700.000  0.1282147E+00  0.3753870E-01  0.1966297E+01  0.9026636E-01  0.3125234E-01  0.2794473E-01  0.4027988E-01
      39000.000  0.1277027E+00  0.3753870E-01  0.1951287E+01  0.8918152E-01  0.3125234E-01  0.2794473E-01  0.4028022E-01
      39300.000  0.1271473E+00  0.3753870E-01  0.1935886E+01  0.8810531E-01  0.3125234E-01  0.2794473E-01  0.4028047E-01
      39600.000  0.1265559E+00  0.3753870E-01  0.1920199E+01  0.8704086E-01  0.3125234E-01  0.2794473E-01  0.4028067E-01
      39900.000  0.1259354E+00  0.3753870E-01  0.1904317E+01  0.8599083E-01  0.3125234E-01  0.2794473E-01  0.4028082E-01
      40200.000  0.1252918E+00  0.3753870E-01  0.1888324E+01  0.8495752E-01  0.3125234E-01  0.2794473E-01  0.4028093E-01
      40500.000  0.1246305E+00  0.3753870E-01  0.1872290E+01  0.8394283E-01  0.3125234E-01  0.2794473E-01  0.4028102E-01
      40800.000  0.1239560E+00  0.3753870E-01  0.1856279E+01  0.8294836E-01  0.3125234E-01  0.2794473E-01  0.4028108E-01
      41100.000  0.1232728E+00  0.3753870E-01  0.1840347E+01  0.8197539E-01  0.3125234E-01  0.2794473E-01  0.4028113E-01
      41400.000  0.1225843E+00  0.3753870E-01  0.1824542E+01  0.8102493E-01  0.3125234E-01  0.2794473E-01  0.4028117E-01
      41700.000  0.1218940E+00  0.3753870E-01  0.1808906E+01  0.8009773E-01  0.3125234E-01  0.2794473E-01  0.4028120E-01
      42000.000  0.1212044E+00  0.3753870E-01  0.1793473E+01  0.7919436E-01  0.3125234E-01  0.2794473E-01  0.4028122E-01
      42300.000  0.1205183E+00  0.3753870E-01  0.1778276E+01  0.7831518E-01  0.3125234E-01  0.2794473E-01  0.4028124E-01
      42600.000  0.1198376E+00  0.3753870E-01  0.1763338E+01  0.7746037E-01  0.3125234E-01  0.2794473E-01  0.4028125E-01
      42900.000  0.1191642E+00  0.3753870E-01  0.1748681E+01  0.7662999E-01  0.3125234E-01  0.2794473E-01  0.4028126E-01
      43200.000  0.1184996E+00  0.3753870E-01  0.1734322E+01  0.7582398E-01  0.3125234E-01  0.2794473E-01  0.4028126E-01
      43500.000  0.1178453E+00  0.3753870E-01  0.1720275E+01  0.7504215E-01  0.3125234E-01  0.2794473E-01  0.4028127E-01
      43800.000  0.1172022E+00  0.3753870E-01  0.1706550E+01  0.7428424E-01  0.3125234E-01  0.2794473E-01  0.4028127E-01
      44100.000  0.1165713E+00  0.3753870E-01  0.1693155E+01  0.7354992E-01  0.3125234E-01  0.2794473E-01  0.4028128E-01
      44400.000  0.1159533E+00  0.3753870E-01  0.1680096E+01  0.7283879E-01  0.3125234E-01  0.2794473E-01  0.4028128E-01
      44700.000  0.1153488E+00  0.3753870E-01  0.1667375E+01  0.7215039E-01  0.3125234E-01  0.2794473E-01  0.4028128E-01
      45000.000  0.1147584E+00  0.3753870E-01  0.1654995E+01  0.7148423E-01  0.3125234E-01  0.2794473E-01  0.4028128E-01
      45300.000  0.1141822E+00  0.3753870E-01  0.1642955E+01  0.7083981E-01  0.3125234E-01  0.2794473E-01  0.4028128E-01
      45600.000  0.1136207E+00  0.3753870E-01  0.1631253E+01  0.7021656E-01  0.3125234E-01  0.2794473E-01  0.4028129E-01
      45900.000  0.1130738E+00  0.3753870E-01  0.1619888E+01  0.6961393E-01  0.3125234E-01  0.2794473E-01  0.4028129E-01
      46200.000  0.1125417E+00  0.3753870E-01  0.1608855E+01  0.6903134E-01  0.3125234E-01  0.2794473E-01  0.4028129E-01
      46500.000  0.1120243E+00  0.3753870E-01  0.1598149E+01  0.6846822E-01  0.3125234E-01  0.2794473E-01  0.4028129E-01
      46800.000  0.1115216E+00  0.3753870E-01  0.1587766E+01  0.6792397E-01  0.3125234E-01  0.2794473E-01  0.4028129E-01
      47100.000  0.1110335E+00  0.3753870E-01  0.1577700E+01  0.6739802E-01  0.3125234E-01  0.2794473E-01  0.4028129E-01
      47400.000  0.1105599E+00  0.3753870E-01  0.1567945E+01  0.6688979E-01  0.3125234E-01  0.2794473E-01  0.4028129E-01
      47700.000  0.1101004E+00  0.3753870E-01  0.1558493E+01  0.6639869E-01  0.3125234E-01  0.2794473E-01  0.4028129E-01
      48000.000  0.1096549E+00  0.3753870E-01  0.1549337E+01  0.6592417E-01  0.3125234E-01  0.2794473E-01  0.4028129E-01
      48300.000  0.1092232E+00  0.3753870E-01  0.1540471E+01  0.6546567E-01  0.3125234E-01  0.2794473E-01  0.4028129E-01
      48600.000  0.1088049E+00  0.3753870E-01  0.1531887E+01  0.6502264E-01  0.3125234E-01  0.2794473E-01  0.4028129E-01
      48900.000  0.1083998E+00  0.3753870E-01  0.1523577E+01  0.6459456E-01  0.3125234E-01  0.2794473E-01  0.4028129E-01
      49200.000  0.1080075E+00  0.3753870E-01  0.1515534E+01  0.6418089E-01  0.3125234E-01  0.2794473E-01  0.4028129E-01
      49500.000  0.1076278E+00  0.3753870E-01  0.1507750E+01  0.6378114E-01  0.3125234E-01  0.2794473E-01  0.4028129E-01
      49800.000  0.1072603E+00  0.3753870E-01  0.1500217E+01  0.6339481E-01  0.3125234E-01  0.2794473E-01  0.4028129E-01
      50100.000  0.1069047E+00  0.3753870E-01  0.1492929E+01  0.6302142E-01  0.3125234E-01  0.2794473E-01  0.4028129E-01
      50400.000  0.1065607E+00  0.3753870E-01  0.1485876E+01  0.6266051E-01  0.3125234E-01  0.2794473E-01  0.4028129E-01
      50700.000  0.1062278E+00  0.3753870E-01  0.1479053E+01  0.6231162E-01  0.3125234E-01  0.2794473E-01  0.4028129E-01
      51000.000  0.1059059E+00  0.3753870E-01  0.1472452E+01  0.6197433E-01  0.3125234E-01  0.2794473E-01  0.4028129E-01
      51300.000  0.1055945E+00  0.3753870E-01  0.1466065E+01  0.6164821E-01  0.3125234E-01  0.2794472E-01  0.4028129E-01
      51600.000  0.1052934E+00  0.3753870E-01  0.1459886E+01  0.6133286E-01  0.3125234E-01  0.2794472E-01  0.4028129E-01
      51900.000  0.1050022E+00  0.3753870E-01  0.1453908E+01  0.6102788E-01  0.3125234E-01  0.2794472E-01  0.4028129E-01
      52200.000  0.1047205E+00  0.3753870E-01  0.1448123E+01  0.6073289E-01  0.3125234E-01  0.2794472E-01  0.4028129E-01
      52500.000  0.1044482E+00  0.3753870E-01  0.1442526E+01  0.6044753E-01  0.3125234E-01  0.2794472E-01  0.4028129E-01
      52800.000  0.1041848E+00  0.3753870E-01  0.1437110E+01  0.6017145E-01  0.3125234E-01  0.2794472E-01  0.4028129E-01
      53100.000  0.1039301E+00  0.3753870E-01  0.1431869E+01  0.5990430E-01  0.3125234E-01  0.2794472E-01  0.4028129E-01
      53400.000  0.1036838E+00  0.3753870E-01  0.1426797E+01  0.5964576E-01  0.3125234E-01  0.2794472E-01  0.4028129E-01
      53700.000  0.1034455E+00  0.3753870E-01  0.1421888E+01  0.5939552E-01  0.3125234E-01  0.2794472E-01  0.4028129E-01
      54000.000  0.1032151E+00  0.3753870E-01  0.1417136E+01  0.5915327E-01  0.3125234E-01  0.2794472E-01  0.4028129E-01
      54300.000  0.1029922E+00  0.3753870E-01  0.1412536E+01  0.5891871E-01  0.3125234E-01  0.2794472E-01  0.4028129E-01
      54600.000  0.1027767E+00  0.3753870E-01  0.1408082E+01  0.5869158E-01  0.3125234E-01  0.2794472E-01  0.4028129E-01
      54900.000  0.1025681E+00  0.3753870E-01  0.1403770E+01  0.5847160E-01  0.3125234E-01  0.2794472E-01  0.4028129E-01
      55200.000  0.1023663E+00  0.3753870E-01  0.1399594E+01  0.5825850E-01  0.3125234E-01  0.2794472E-01  0.4028129E-01
      55500.000  0.1021711E+00  0.3753870E-01  0.1395550E+01  0.5805205E-01  0.3125234E-01  0.2794472E-01  0.4028129E-01
      55800.000  0.1019822E+00  0.3753870E-01  0.1391633E+01  0.5785200E-01  0.3125234E-01  0.2794472E-01  0.4028129E-01
      56100.000  0.1017993E+00  0.3753870E-01  0.1387838E+01  0.5765811E-01  0.3125234E-01  0.2794472E-01  0.4028129E-01
      56400.000  0.1016224E+00  0.3753870E-01  0.1384161E+01  0.5747017E-01  0.3125234E-01  0.2794472E-01  0.4028129E-01
      56700.000  0.1014511E+00  0.3753870E-01  0.1380598E+01  0.5728797E-01  0.3125234E-01  0.2794472E-01  0.4028129E-01
      57000.000  0.1012852E+00  0.3753870E-01  0.1377144E+01  0.5711129E-01  0.3125234E-01  0.2794472E-01  0.4028129E-01
      57300.000  0.1011246E+00  0.3753870E-01  0.1373797E+01  0.5693995E-01  0.3125234E-01  0.2794472E-01  0.4028129E-01
      57600.000  0.1009691E+00  0.3753870E-01  0.1370552E+01  0.5677375E-01  0.3125234E-01  0.2794472E-01  0.4028129E-01
      57900.000  0.1008184E+00  0.3753870E-01  0.1367405E+01  0.5661251E-01  0.3125234E-01  0.2794472E-01  0.4028129E-01
      58200.000  0.1006725E+00  0.3753870E-01  0.1364353E+01  0.5645606E-01  0.3125234E-01  0.2794472E-01  0.4028129E-01
      58500.000  0.1005311E+00  0.3753870E-01  0.1361393E+01  0.5630422E-01  0.3125234E-01  0.2794472E-01  0.4028129E-01
      58800.000  0.1003941E+00  0.3753870E-01  0.1358522E+01  0.5615684E-01  0.3125234E-01  0.2794472E-01  0.4028129E-01
      59100.000  0.1002613E+00  0.3753870E-01  0.1355735E+01  0.5601376E-01  0.3125234E-01  0.2794472E-01  0.4028129E-01
      59400.000  0.1001326E+00  0.3753870E-01  0.1353031E+01  0.5587483E-01  0.3125234E-01  0.2794472E-01  0.4028129E-01
      59700.000  0.1000078E+00  0.3753870E-01  0.1350407E+01  0.5573990E-01  0.3125234E-01  0.2794472E-01  0.4028129E-01
      60000.000  0.9988673E-01  0.3753870E-01  0.1347859E+01  0.5560885E-01  0.3125234E-01  0.2794472E-01  0.4028129E-01
      60300.000  0.9976936E-01  0.3753870E-01  0.1345384E+01  0.5548153E-01  0.3125234E-01  0.2794472E-01  0.4028129E-01
      60600.000  0.9965550E-01  0.3753870E-01  0.1342981E+01  0.5535781E-01  0.3125234E-01  0.2794471E-01  0.4028129E-01
      60900.000  0.9954504E-01  0.3753870E-01  0.1340647E+01  0.5523759E-01  0.3125234E-01  0.2794471E-01  0.4028129E-01
      61200.000  0.9943784E-01  0.3753870E-01  0.1338379E+01  0.5512073E-01  0.3125234E-01  0.2794471E-01  0.4028129E-01
      61500.000  0.9933380E-01  0.3753870E-01  0.1336176E+01  0.5500712E-01  0.3125234E-01  0.2794471E-01  0.4028129E-01
      61800.000  0.9923280E-01  0.3753870E-01  0.1334034E+01  0.5489666E-01  0.3125234E-01  0.2794471E-01  0.4028129E-01
      62100.000  0.9913473E-01  0.3753870E-01  0.1331951E+01  0.5478924E-01  0.3125234E-01  0.2794471E-01  0.4028129E-01
      62400.000  0.9903949E-01  0.3753870E-01  0.1329927E+01  0.5468476E-01  0.3125234E-01  0.2794471E-01  0.4028129E-01
      62700.000  0.9894698E-01  0.3753870E-01  0.1327958E+01  0.5458311E-01  0.3125234E-01  0.2794471E-01  0.4028129E-01
      63000.000  0.9885711E-01  0.3753870E-01  0.1326043E+01  0.5448422E-01  0.3125233E-01  0.2794471E-01  0.4028129E-01
      63300.000  0.9876978E-01  0.3753870E-01  0.1324180E+01  0.5438798E-01  0.3125233E-01  0.2794471E-01  0.4028129E-01
      63600.000  0.9868489E-01  0.3753870E-01  0.1322367E+01  0.5429431E-01  0.3125233E-01  0.2794471E-01  0.4028129E-01
      63900.000  0.9860238E-01  0.3753870E-01  0.1320602E+01  0.5420313E-01  0.3125233E-01  0.2794471E-01  0.4028129E-01
      64200.000  0.9852215E-01  0.3753870E-01  0.1318884E+01  0.5411435E-01  0.3125233E-01  0.2794470E-01  0.4028129E-01
      64500.000  0.9844413E-01  0.3753870E-01  0.1317211E+01  0.5402790E-01  0.3125233E-01  0.2794470E-01  0.4028129E-01
      64800.000  0.9836824E-01  0.3753870E-01  0.1315582E+01  0.5394371E-01  0.3125233E-01  0.2794470E-01  0.4028129E-01
      65100.000  0.9829440E-01  0.3753870E-01  0.1313995E+01  0.5386169E-01  0.3125233E-01  0.2794470E-01  0.4028129E-01
      65400.000  0.9822255E-01  0.3753870E-01  0.1312449E+01  0.5378179E-01  0.3125233E-01  0.2794470E-01  0.4028128E-01
      65700.000  0.9815261E-01  0.3753870E-01  0.1310943E+01  0.5370394E-01  0.3125233E-01  0.2794470E-01  0.4028128E-01
      66000.000  0.9808453E-01  0.3753870E-01  0.1309474E+01  0.5362807E-01  0.3125233E-01  0.2794470E-01  0.4028128E-01
      66300.000  0.9801823E-01  0.3753870E-01  0.1308043E+01  0.5355412E-01  0.3125233E-01  0.2794470E-01  0.4028128E-01
      66600.000  0.9795367E-01  0.3753870E-01  0.1306647E+01  0.5348203E-01  0.3125233E-01  0.2794469E-01  0.4028128E-01
      66900.000  0.9789077E-01  0.3753870E-01  0.1305285E+01  0.5341174E-01  0.3125233E-01  0.2794469E-01  0.4028128E-01
      67200.000  0.9782949E-01  0.3753870E-01  0.1303957E+01  0.5334320E-01  0.3125233E-01  0.2794469E-01  0.4028128E-01
      67500.000  0.9776977E-01  0.3753870E-01  0.1302661E+01  0.5327636E-01  0.3125233E-01  0.2794469E-01  0.4028128E-01
      67800.000  0.9771155E-01  0.3753870E-01  0.1301396E+01  0.5321115E-01  0.3125233E-01  0.2794469E-01  0.4028128E-01
      68100.000  0.9765479E-01  0.3753870E-01  0.1300162E+01  0.5314754E-01  0.3125233E-01  0.2794469E-01  0.4028128E-01
      68400.000  0.9759945E-01  0.3753870E-01  0.1298956E+01  0.5308547E-01  0.3125232E-01  0.2794468E-01  0.4028128E-01
      68700.000  0.9754546E-01  0.3753870E-01  0.1297779E+01  0.5302491E-01  0.3125232E-01  0.2794468E-01  0.4028128E-01
      69000.000  0.9749279E-01  0.3753870E-01  0.1296630E+01  0.5296579E-01  0.3125232E-01  0.2794468E-01  0.4028128E-01
      69300.000  0.9744140E-01  0.3753870E-01  0.1295507E+01  0.5290809E-01  0.3125232E-01  0.2794468E-01  0.4028128E-01
      69600.000  0.9739124E-01  0.3753870E-01  0.1294409E+01  0.5285175E-01  0.3125232E-01  0.2794468E-01  0.4028128E-01
      69900.000  0.9734228E-01  0.3753870E-01  0.1293337E+01  0.5279675E-01  0.3125232E-01  0.2794467E-01  0.4028128E-01
      70200.000  0.9729447E-01  0.3753870E-01  0.1292288E+01  0.5274303E-01  0.3125232E-01  0.2794467E-01  0.4028128E-01
      70500.000  0.9724778E-01  0.3753870E-01  0.1291263E+01  0.5269057E-01  0.3125232E-01  0.2794467E-01  0.4028128E-01
      70800.000  0.9720217E-01  0.3753870E-01  0.1290260E+01  0.5263932E-01  0.3125232E-01  0.2794467E-01  0.4028128E-01
      71100.000  0.9715761E-01  0.3753870E-01  0.1289280E+01  0.5258926E-01  0.3125232E-01  0.2794467E-01  0.4028128E-01
      71400.000  0.9711406E-01  0.3753870E-01  0.1288320E+01  0.5254034E-01  0.3125232E-01  0.2794466E-01  0.4028128E-01
      71700.000  0.9707149E-01  0.3753870E-01  0.1287381E+01  0.5249254E-01  0.3125231E-01  0.2794466E-01  0.4028128E-01
      72000.000  0.9702988E-01  0.3753870E-01  0.1286463E+01  0.5244582E-01  0.3125231E-01  0.2794466E-01  0.4028128E-01
      72300.000  0.9698919E-01  0.3753870E-01  0.1285563E+01  0.5240016E-01  0.3125231E-01  0.2794465E-01  0.4028128E-01
      72600.000  0.9694939E-01  0.3753870E-01  0.1284682E+01  0.5235552E-01  0.3125231E-01  0.2794465E-01  0.4028128E-01
      72900.000  0.9691045E-01  0.3753870E-01  0.1283820E+01  0.5231187E-01  0.3125231E-01  0.2794465E-01  0.4028128E-01
      73200.000  0.9687236E-01  0.3753870E-01  0.1282975E+01  0.5226920E-01  0.3125231E-01  0.2794465E-01  0.4028128E-01
      73500.000  0.9683507E-01  0.3753870E-01  0.1282147E+01  0.5222746E-01  0.3125231E-01  0.2794464E-01  0.4028128E-01
      73800.000  0.9679858E-01  0.3753869E-01  0.1281335E+01  0.5218664E-01  0.3125230E-01  0.2794464E-01  0.4028128E-01
      74100.000  0.9676285E-01  0.3753869E-01  0.1280540E+01  0.5214671E-01  0.3125230E-01  0.2794464E-01  0.4028128E-01
      74400.000  0.9672786E-01  0.3753869E-01  0.1279761E+01  0.5210765E-01  0.3125230E-01  0.2794463E-01  0.4028128E-01
      74700.000  0.9669359E-01  0.3753869E-01  0.1278997E+01  0.5206943E-01  0.3125230E-01  0.2794463E-01  0.4028128E-01
      75000.000  0.9666001E-01  0.3753869E-01  0.1278247E+01  0.5203203E-01  0.3125230E-01  0.2794462E-01  0.4028128E-01
      75300.000  0.9662711E-01  0.3753869E-01  0.1277512E+01  0.5199543E-01  0.3125230E-01  0.2794462E-01  0.4028127E-01
      75600.000  0.9659487E-01  0.3753869E-01  0.1276790E+01  0.5195960E-01  0.3125230E-01  0.2794462E-01  0.4028127E-01
      75900.000  0.9656327E-01  0.3753869E-01  0.1276083E+01  0.5192453E-01  0.3125229E-01  0.2794461E-01  0.4028127E-01
      76200.000  0.9653228E-01  0.3753869E-01  0.1275388E+01  0.5189020E-01  0.3125229E-01  0.2794461E-01  0.4028127E-01
      76500.000  0.9650189E-01  0.3753869E-01  0.1274706E+01  0.5185659E-01  0.3125229E-01  0.2794460E-01  0.4028127E-01
      76800.000  0.9647209E-01  0.3753869E-01  0.1274037E+01  0.5182368E-01  0.3125229E-01  0.2794460E-01  0.4028127E-01
      77100.000  0.9644285E-01  0.3753869E-01  0.1273379E+01  0.5179144E-01  0.3125229E-01  0.2794459E-01  0.4028127E-01
      77400.000  0.9641416E-01  0.3753869E-01  0.1272733E+01  0.5175987E-01  0.3125228E-01  0.2794459E-01  0.4028127E-01
      77700.000  0.9638600E-01  0.3753869E-01  0.1272099E+01  0.5172895E-01  0.3125228E-01  0.2794458E-01  0.4028127E-01
      78000.000  0.9635837E-01  0.3753869E-01  0.1271476E+01  0.5169866E-01  0.3125228E-01  0.2794458E-01  0.4028127E-01
      78300.000  0.9633123E-01  0.3753869E-01  0.1270863E+01  0.5166897E-01  0.3125228E-01  0.2794457E-01  0.4028127E-01
      78600.000  0.9630459E-01  0.3753869E-01  0.1270261E+01  0.5163989E-01  0.3125227E-01  0.2794457E-01  0.4028127E-01
      78900.000  0.9627842E-01  0.3753869E-01  0.1269669E+01  0.5161139E-01  0.3125227E-01  0.2794456E-01  0.4028127E-01
      79200.000  0.9625272E-01  0.3753869E-01  0.1269087E+01  0.5158346E-01  0.3125227E-01  0.2794456E-01  0.4028127E-01
      79500.000  0.9622746E-01  0.3753869E-01  0.1268515E+01  0.5155609E-01  0.3125227E-01  0.2794455E-01  0.4028127E-01
      79800.000  0.9620265E-01  0.3753869E-01  0.1267952E+01  0.5152925E-01  0.3125226E-01  0.2794454E-01  0.4028126E-01
      80100.000  0.9617826E-01  0.3753869E-01  0.1267398E+01  0.5150294E-01  0.3125226E-01  0.2794454E-01  0.4028126E-01
      80400.000  0.9615428E-01  0.3753869E-01  0.1266853E+01  0.5147714E-01  0.3125226E-01  0.2794453E-01  0.4028126E-01
      80700.000  0.9613071E-01  0.3753869E-01  0.1266317E+01  0.5145185E-01  0.3125226E-01  0.2794452E-01  0.4028126E-01
      81000.000  0.9610753E-01  0.3753869E-01  0.1265789E+01  0.5142705E-01  0.3125225E-01  0.2794452E-01  0.4028126E-01
      81300.000  0.9608473E-01  0.3753868E-01  0.1265270E+01  0.5140272E-01  0.3125225E-01  0.2794451E-01  0.4028126E-01
      81600.000  0.9606230E-01  0.3753868E-01  0.1264758E+01  0.5137886E-01  0.3125225E-01  0.2794450E-01  0.4028126E-01
      81900.000  0.9604023E-01  0.3753868E-01  0.1264255E+01  0.5135545E-01  0.3125224E-01  0.2794449E-01  0.4028126E-01
      82200.000  0.9601852E-01  0.3753868E-01  0.1263759E+01  0.5133249E-01  0.3125224E-01  0.2794449E-01  0.4028126E-01
      82500.000  0.9599715E-01  0.3753868E-01  0.1263270E+01  0.5130995E-01  0.3125224E-01  0.2794448E-01  0.4028126E-01
      82800.000  0.9597611E-01  0.3753868E-01  0.1262789E+01  0.5128785E-01  0.3125223E-01  0.2794447E-01  0.4028125E-01
      83100.000  0.9595540E-01  0.3753868E-01  0.1262314E+01  0.5126615E-01  0.3125223E-01  0.2794446E-01  0.4028125E-01
      83400.000  0.9593500E-01  0.3753868E-01  0.1261847E+01  0.5124486E-01  0.3125223E-01  0.2794445E-01  0.4028125E-01
      83700.000  0.9591492E-01  0.3753868E-01  0.1261386E+01  0.5122396E-01  0.3125222E-01  0.2794444E-01  0.4028125E-01
      84000.000  0.9589514E-01  0.3753868E-01  0.1260932E+01  0.5120344E-01  0.3125222E-01  0.2794443E-01  0.4028125E-01
      84300.000  0.9587565E-01  0.3753868E-01  0.1260484E+01  0.5118330E-01  0.3125221E-01  0.2794442E-01  0.4028125E-01
      84600.000  0.9585644E-01  0.3753868E-01  0.1260043E+01  0.5116353E-01  0.3125221E-01  0.2794441E-01  0.4028125E-01
      84900.000  0.9583752E-01  0.3753868E-01  0.1259607E+01  0.5114411E-01  0.3125221E-01  0.2794440E-01  0.4028125E-01
      85200.000  0.9581887E-01  0.3753868E-01  0.1259178E+01  0.5112505E-01  0.3125220E-01  0.2794439E-01  0.4028124E-01
      85500.000  0.9580049E-01  0.3753867E-01  0.1258754E+01  0.5110632E-01  0.3125220E-01  0.2794438E-01  0.4028124E-01
      85800.000  0.9578236E-01  0.3753867E-01  0.1258336E+01  0.5108793E-01  0.3125219E-01  0.2794437E-01  0.4028124E-01
      86100.000  0.9576449E-01  0.3753867E-01  0.1257924E+01  0.5106986E-01  0.3125219E-01  0.2794436E-01  0.4028124E-01
      86399.000  0.9574692E-01  0.3753867E-01  0.1257518E+01  0.5105218E-01  0.3125218E-01  0.2794435E-01  0.4028124E-01
