           T(s)              1              2              3              4              5              6              7
          0.000  0.0000000E+00  0.0000000E+00  0.0000000E+00  0.0000000E+00  0.0000000E+00  0.0000000E+00  0.0000000E+00
        300.000  0.0000000E+00  0.0000000E+00  0.0000000E+00  0.0000000E+00  0.0000000E+00  0.0000000E+00  0.0000000E+00
        600.000  0.0000000E+00  0.0000000E+00  0.0000000E+00  0.0000000E+00  0.0000000E+00  0.0000000E+00  0.0000000E+00
        900.000  0.0000000E+00  0.0000000E+00  0.0000000E+00  0.0000000E+00  0.0000000E+00  0.0000000E+00  0.0000000E+00
       1200.000  0.0000000E+00  0.0000000E+00  0.0000000E+00  0.0000000E+00  0.0000000E+00  0.0000000E+00  0.0000000E+00
       1500.000  0.0000000E+00  0.0000000E+00  0.0000000E+00  0.0000000E+00  0.0000000E+00  0.0000000E+00  0.0000000E+00
       1800.000  0.0000000E+00  0.0000000E+00  0.0000000E+00  0.0000000E+00  0.0000000E+00  0.0000000E+00  0.0000000E+00
       2100.000  0.0000000E+00  0.0000000E+00  0.0000000E+00  0.0000000E+00  0.0000000E+00  0.0000000E+00  0.0000000E+00
       2400.000  0.0000000E+00  0.0000000E+00  0.0000000E+00  0.0000000E+00  0.0000000E+00  0.0000000E+00  0.0000000E+00
       2700.000  0.0000000E+00  0.0000000E+00  0.0000000E+00  0.0000000E+00  0.0000000E+00  0.0000000E+00  0.0000000E+00
       3000.000  0.0000000E+00  0.0000000E+00  0.0000000E+00  0.0000000E+00  0.0000000E+00  0.0000000E+00  0.0000000E+00
       3300.000  0.0000000E+00  0.0000000E+00  0.0000000E+00  0.0000000E+00  0.0000000E+00  0.0000000E+00  0.0000000E+00
       3600.000  0.0000000E+00  0.0000000E+00  0.0000000E+00  0.0000000E+00  0.0000000E+00  0.0000000E+00  0.0000000E+00
       3900.000  0.0000000E+00  0.0000000E+00  0.0000000E+00  0.0000000E+00  0.0000000E+00  0.0000000E+00  0.0000000E+00
       4200.000  0.0000000E+00  0.0000000E+00  0.0000000E+00  0.0000000E+00  0.0000000E+00  0.0000000E+00  0.0000000E+00
       4500.000  0.0000000E+00  0.0000000E+00  0.0000000E+00  0.0000000E+00  0.0000000E+00  0.0000000E+00  0.0000000E+00
       4800.000  0.0000000E+00  0.0000000E+00  0.0000000E+00  0.0000000E+00  0.0000000E+00  0.0000000E+00  0.0000000E+00
       5100.000  0.0000000E+00  0.0000000E+00  0.0000000E+00  0.0000000E+00  0.0000000E+00  0.0000000E+00  0.0000000E+00
       5400.000  0.0000000E+00  0.0000000E+00  0.0000000E+00  0.0000000E+00  0.0000000E+00  0.0000000E+00  0.0000000E+00
       5700.000  0.0000000E+00  0.0000000E+00  0.0000000E+00  0.0000000E+00  0.0000000E+00  0.0000000E+00  0.0000000E+00
       6000.000  0.0000000E+00  0.0000000E+00  0.0000000E+00  0.0000000E+00  0.0000000E+00  0.0000000E+00  0.0000000E+00
       6300.000  0.0000000E+00  0.0000000E+00  0.0000000E+00  0.0000000E+00  0.0000000E+00  0.0000000E+00  0.0000000E+00
       6600.000  0.0000000E+00  0.0000000E+00  0.0000000E+00  0.0000000E+00  0.0000000E+00  0.0000000E+00  0.0000000E+00
       6900.000  0.0000000E+00  0.0000000E+00  0.0000000E+00  0.0000000E+00  0.0000000E+00  0.0000000E+00  0.0000000E+00
       7200.000  0.0000000E+00  0.0000000E+00  0.0000000E+00  0.0000000E+00  0.0000000E+00  0.0000000E+00  0.0000000E+00
       7500.000  0.0000000E+00  0.0000000E+00  0.0000000E+00  0.0000000E+00  0.0000000E+00  0.0000000E+00  0.0000000E+00
       7800.000  0.0000000E+00  0.0000000E+00  0.0000000E+00  0.0000000E+00  0.0000000E+00  0.0000000E+00  0.0000000E+00
       8100.000  0.0000000E+00  0.0000000E+00  0.0000000E+00  0.0000000E+00  0.0000000E+00  0.0000000E+00  0.0000000E+00
       8400.000  0.0000000E+00  0.0000000E+00  0.0000000E+00  0.0000000E+00  0.0000000E+00  0.0000000E+00  0.0000000E+00
       8700.000  0.0000000E+00  0.0000000E+00  0.0000000E+00  0.0000000E+00  0.0000000E+00  0.0000000E+00  0.0000000E+00
       9000.000  0.0000000E+00  0.0000000E+00  0.0000000E+00  0.0000000E+00  0.0000000E+00  0.0000000E+00  0.0000000E+00
       9300.000  0.0000000E+00  0.0000000E+00  0.0000000E+00  0.0000000E+00  0.0000000E+00  0.0000000E+00  0.0000000E+00
       9600.000  0.0000000E+00  0.0000000E+00  0.0000000E+00  0.0000000E+00  0.0000000E+00  0.0000000E+00  0.0000000E+00
       9900.000  0.0000000E+00  0.0000000E+00  0.0000000E+00  0.0000000E+00  0.0000000E+00  0.0000000E+00  0.0000000E+00
      10200.000  0.0000000E+00  0.0000000E+00  0.0000000E+00  0.0000000E+00  0.0000000E+00  0.0000000E+00  0.0000000E+00
      10500.000  0.0000000E+00  0.0000000E+00  0.0000000E+00  0.0000000E+00  0.0000000E+00  0.0000000E+00  0.0000000E+00
      10800.000  0.0000000E+00  0.0000000E+00  0.0000000E+00  0.0000000E+00  0.0000000E+00  0.0000000E+00  0.0000000E+00
      11100.000  0.0000000E+00  0.0000000E+00  0.0000000E+00  0.0000000E+00  0.0000000E+00  0.0000000E+00  0.0000000E+00
      11400.000  0.0000000E+00  0.0000000E+00  0.0000000E+00  0.0000000E+00  0.0000000E+00  0.0000000E+00  0.0000000E+00
      11700.000  0.0000000E+00  0.0000000E+00  0.0000000E+00  0.0000000E+00  0.0000000E+00  0.0000000E+00  0.0000000E+00
      12000.000  0.0000000E+00  0.0000000E+00  0.0000000E+00  0.0000000E+00  0.0000000E+00  0.0000000E+00  0.0000000E+00
      12300.000  0.0000000E+00  0.0000000E+00  0.0000000E+00  0.0000000E+00  0.0000000E+00  0.0000000E+00  0.0000000E+00
      12600.000  0.0000000E+00  0.0000000E+00  0.0000000E+00  0.0000000E+00  0.0000000E+00  0.0000000E+00  0.0000000E+00
      12900.000  0.0000000E+00  0.0000000E+00  0.0000000E+00  0.0000000E+00  0.0000000E+00  0.0000000E+00  0.0000000E+00
      13200.000  0.0000000E+00  0.0000000E+00  0.0000000E+00  0.0000000E+00  0.0000000E+00  0.0000000E+00  0.0000000E+00
      13500.000  0.0000000E+00  0.0000000E+00  0.0000000E+00  0.0000000E+00  0.0000000E+00  0.0000000E+00  0.0000000E+00
      13800.000  0.0000000E+00  0.0000000E+00  0.0000000E+00  0.0000000E+00  0.0000000E+00  0.0000000E+00  0.0000000E+00
      14100.000  0.0000000E+00  0.0000000E+00  0.0000000E+00  0.0000000E+00  0.0000000E+00  0.0000000E+00  0.0000000E+00
      14400.000  0.0000000E+00  0.0000000E+00  0.0000000E+00  0.0000000E+00  0.0000000E+00  0.0000000E+00  0.0000000E+00
      14700.000  0.0000000E+00  0.0000000E+00  0.0000000E+00  0.0000000E+00  0.0000000E+00  0.0000000E+00  0.0000000E+00
      15000.000  0.0000000E+00  0.0000000E+00  0.0000000E+00  0.0000000E+00  0.0000000E+00  0.0000000E+00  0.0000000E+00
      15300.000  0.0000000E+00  0.0000000E+00  0.0000000E+00  0.0000000E+00  0.0000000E+00  0.0000000E+00  0.0000000E+00
      15600.000  0.0000000E+00  0.0000000E+00  0.0000000E+00  0.0000000E+00  0.0000000E+00  0.0000000E+00  0.0000000E+00
      15900.000  0.0000000E+00  0.0000000E+00  0.0000000E+00  0.0000000E+00  0.0000000E+00  0.0000000E+00  0.0000000E+00
      16200.000  0.0000000E+00  0.0000000E+00  0.0000000E+00  0.0000000E+00  0.0000000E+00  0.0000000E+00  0.0000000E+00
      16500.000  0.0000000E+00  0.0000000E+00  0.0000000E+00  0.0000000E+00  0.0000000E+00  0.0000000E+00  0.0000000E+00
      16800.000  0.0000000E+00  0.0000000E+00  0.0000000E+00  0.0000000E+00  0.0000000E+00  0.0000000E+00  0.0000000E+00
      17100.000  0.0000000E+00  0.0000000E+00  0.0000000E+00  0.0000000E+00  0.0000000E+00  0.0000000E+00  0.0000000E+00
      17400.000  0.0000000E+00  0.0000000E+00  0.0000000E+00  0.0000000E+00  0.0000000E+00  0.0000000E+00  0.0000000E+00
      17700.000  0.0000000E+00  0.0000000E+00  0.0000000E+00  0.0000000E+00  0.0000000E+00  0.0000000E+00  0.0000000E+00
      18000.000  0.0000000E+00  0.0000000E+00  0.0000000E+00  0.0000000E+00  0.0000000E+00  0.0000000E+00  0.0000000E+00
      18300.000  0.0000000E+00  0.0000000E+00  0.0000000E+00  0.0000000E+00  0.4175463E-05  0.0000000E+00  0.0000000E+00
      18600.000  0.0000000E+00  0.0000000E+00  0.0000000E+00  0.0000000E+00  0.2342571E-04  0.0000000E+00  0.0000000E+00
      18900.000  0.0000000E+00  0.0000000E+00  0.0000000E+00  0.0000000E+00  0.6281752E-04  0.0000000E+00  0.0000000E+00
      19200.000  0.0000000E+00  0.0000000E+00  0.0000000E+00  0.7458285E-05  0.1242415E-03  0.4108777E-05  0.0000000E+00
      19500.000  0.0000000E+00  0.4411883E-06  0.0000000E+00  0.6061822E-04  0.2075459E-03  0.1864089E-04  0.0000000E+00
      19800.000  0.0000000E+00  0.1633782E-04  0.0000000E+00  0.1691933E-03  0.3115380E-03  0.4375713E-04  0.3258526E-09
      20100.000  0.0000000E+00  0.5541901E-04  0.0000000E+00  0.3361248E-03  0.4346644E-03  0.7909774E-04  0.1754005E-04
      20400.000  0.0000000E+00  0.1175111E-03  0.0000000E+00  0.5621046E-03  0.5753820E-03  0.1240877E-03  0.7159449E-04
      20700.000  0.0000000E+00  0.2018500E-03  0.0000000E+00  0.8459772E-03  0.7323165E-03  0.1780944E-03  0.1639945E-03
      21000.000  0.0000000E+00  0.3073327E-03  0.0000000E+00  0.1185253E-02  0.9043005E-03  0.2405108E-03  0.2956151E-03
      21300.000  0.0000000E+00  0.4327067E-03  0.0000000E+00  0.1576618E-02  0.1090356E-02  0.3107900E-03  0.4664918E-03
      21600.000  0.0000000E+00  0.5766991E-03  0.0000000E+00  0.2016371E-02  0.1289663E-02  0.3884535E-03  0.6759613E-03
      21900.000  0.0000000E+00  0.7650605E-03  0.0000000E+00  0.2542193E-02  0.1563795E-02  0.4949807E-03  0.9411910E-03
      22200.000  0.0000000E+00  0.1026350E-02  0.0000000E+00  0.3214377E-02  0.1949008E-02  0.6470114E-03  0.1287534E-02
      22500.000  0.0000000E+00  0.1360346E-02  0.0000000E+00  0.4050434E-02  0.2415491E-02  0.8372193E-03  0.1723515E-02
      22800.000  0.0000000E+00  0.1764552E-02  0.0000000E+00  0.5056700E-02  0.2944114E-02  0.1059626E-02  0.2255345E-02
      23100.000  0.0000000E+00  0.2234549E-02  0.0000000E+00  0.6230711E-02  0.3522306E-02  0.1309314E-02  0.2886694E-02
      23400.000  0.0000000E+00  0.2764834E-02  0.0000000E+00  0.7563679E-02  0.4141927E-02  0.1582451E-02  0.3618737E-02
      23700.000  0.0000000E+00  0.3349635E-02  0.0000000E+00  0.9042989E-02  0.4797719E-02  0.1876181E-02  0.4450398E-02
      24000.000  0.0000000E+00  0.3983483E-02  0.0000000E+00  0.1065440E-01  0.5486195E-02  0.2188413E-02  0.5378723E-02
      24300.000  0.3212156E-05  0.4661531E-02  0.0000000E+00  0.1238370E-01  0.6204911E-02  0.2517607E-02  0.6399322E-02
      24600.000  0.1024936E-03  0.5379667E-02  0.0000000E+00  0.1421779E-01  0.6952024E-02  0.2862598E-02  0.7506818E-02
      24900.000  0.3526946E-03  0.6134495E-02  0.0000000E+00  0.1614521E-01  0.7726051E-02  0.3222466E-02  0.8695263E-02
      25200.000  0.7687198E-03  0.6923245E-02  0.0000000E+00  0.1815633E-01  0.8525733E-02  0.3596453E-02  0.9958497E-02
      25500.000  0.1348892E-02  0.7610646E-02  0.0000000E+00  0.2005476E-01  0.9124502E-02  0.3890181E-02  0.1118909E-01
      25800.000  0.2072561E-02  0.8114151E-02  0.0000000E+00  0.2161702E-01  0.9477606E-02  0.4073740E-02  0.1228360E-01
      26100.000  0.2784674E-02  0.8501931E-02  0.0000000E+00  0.2287900E-01  0.9739206E-02  0.4208902E-02  0.1325397E-01
      26400.000  0.3542524E-02  0.8819434E-02  0.0000000E+00  0.2391117E-01  0.9968157E-02  0.4323648E-02  0.1411562E-01
      26700.000  0.4331103E-02  0.9095337E-02  0.0000000E+00  0.2478069E-01  0.1018619E-01  0.4430159E-02  0.1488478E-01
      27000.000  0.5137906E-02  0.9347189E-02  0.0000000E+00  0.2564641E-01  0.1040120E-01  0.4533641E-02  0.1557690E-01
      27300.000  0.5952993E-02  0.9585540E-02  0.0000000E+00  0.2735433E-01  0.1061603E-01  0.4636295E-02  0.1620592E-01
      27600.000  0.6770787E-02  0.9816656E-02  0.0000000E+00  0.3055842E-01  0.1083170E-01  0.4739043E-02  0.1678394E-01
      27900.000  0.7591533E-02  0.1004423E-01  0.0000000E+00  0.3565988E-01  0.1104855E-01  0.4842268E-02  0.1732121E-01
      28200.000  0.8421552E-02  0.1027043E-01  0.0000000E+00  0.4300942E-01  0.1126670E-01  0.4946123E-02  0.1782624E-01
      28500.000  0.9272869E-02  0.1049650E-01  0.0000000E+00  0.5293798E-01  0.1148620E-01  0.5050671E-02  0.1830602E-01
      28800.000  0.1016256E-01  0.1072318E-01  0.0000000E+00  0.6574155E-01  0.1170703E-01  0.5155932E-02  0.1876622E-01
      29100.000  0.1110661E-01  0.1092440E-01  0.0000000E+00  0.7940383E-01  0.1188686E-01  0.5243954E-02  0.1918914E-01
      29400.000  0.1211704E-01  0.1108829E-01  0.0000000E+00  0.9204361E-01  0.1202178E-01  0.5311234E-02  0.1956138E-01
      29700.000  0.1320327E-01  0.1123100E-01  0.0000000E+00  0.1008453E+00  0.1214150E-01  0.5370240E-02  0.1989395E-01
      30000.000  0.1436951E-01  0.1136180E-01  0.0000000E+00  0.1088676E+00  0.1225625E-01  0.5426026E-02  0.2019561E-01
      30300.000  0.1561680E-01  0.1148601E-01  0.0000000E+00  0.1168813E+00  0.1236952E-01  0.5480626E-02  0.2047332E-01
      30600.000  0.1694475E-01  0.1160666E-01  0.0000000E+00  0.1250197E+00  0.1248250E-01  0.5534858E-02  0.2073252E-01
      30900.000  0.1835268E-01  0.1172546E-01  0.0000000E+00  0.1333525E+00  0.1259560E-01  0.5589049E-02  0.2097750E-01
      31200.000  0.1983984E-01  0.1184338E-01  0.0000000E+00  0.1419090E+00  0.1270896E-01  0.5643328E-02  0.2121161E-01
      31500.000  0.2140557E-01  0.1196098E-01  0.0000000E+00  0.1506921E+00  0.1282261E-01  0.5697748E-02  0.2143742E-01
      31800.000  0.2304918E-01  0.1207856E-01  0.0000000E+00  0.1596861E+00  0.1293657E-01  0.5752327E-02  0.2165697E-01
      32100.000  0.2476988E-01  0.1219629E-01  0.0000000E+00  0.1688618E+00  0.1305086E-01  0.5807075E-02  0.2187180E-01
      32400.000  0.2656653E-01  0.1231429E-01  0.0000000E+00  0.1781793E+00  0.1316545E-01  0.5861993E-02  0.2208314E-01
      32700.000  0.2842768E-01  0.1240438E-01  0.0000000E+00  0.1845818E+00  0.1323585E-01  0.5898081E-02  0.2226786E-01
      33000.000  0.3031612E-01  0.1245456E-01  0.0000000E+00  0.1870009E+00  0.1325919E-01  0.5912203E-02  0.2240910E-01
      33300.000  0.3217941E-01  0.1248246E-01  0.0000000E+00  0.1874441E+00  0.1326692E-01  0.5917719E-02  0.2251696E-01
      33600.000  0.3396391E-01  0.1249796E-01  0.0000000E+00  0.1868600E+00  0.1326947E-01  0.5919871E-02  0.2259925E-01
      33900.000  0.3562517E-01  0.1250657E-01  0.0000000E+00  0.1856846E+00  0.1327032E-01  0.5920711E-02  0.2266198E-01
      34200.000  0.3713123E-01  0.1251134E-01  0.0000000E+00  0.1841178E+00  0.1327060E-01  0.5921039E-02  0.2270977E-01
      34500.000  0.3846257E-01  0.1251399E-01  0.0000000E+00  0.1822548E+00  0.1327069E-01  0.5921167E-02  0.2274617E-01
      34800.000  0.3961034E-01  0.1251546E-01  0.0000000E+00  0.1801460E+00  0.1327072E-01  0.5921216E-02  0.2277387E-01
      35100.000  0.4057404E-01  0.1251628E-01  0.0000000E+00  0.1778232E+00  0.1327073E-01  0.5921236E-02  0.2279496E-01
      35400.000  0.4135933E-01  0.1251673E-01  0.0000000E+00  0.1753118E+00  0.1327073E-01  0.5921243E-02  0.2281101E-01
      35700.000  0.4197598E-01  0.1251698E-01  0.0000000E+00  0.1726354E+00  0.1327073E-01  0.5921246E-02  0.2282322E-01
      36000.000  0.4243630E-01  0.1251712E-01  0.0000000E+00  0.1698173E+00  0.1327073E-01  0.5921248E-02  0.2283251E-01
      36300.000  0.4275396E-01  0.1251720E-01  0.0000000E+00  0.1668805E+00  0.1327073E-01  0.5921248E-02  0.2283957E-01
      36600.000  0.4294305E-01  0.1251724E-01  0.0000000E+00  0.1638481E+00  0.1327073E-01  0.5921248E-02  0.2284495E-01
      36900.000  0.4301751E-01  0.1251727E-01  0.0000000E+00  0.1607427E+00  0.1327073E-01  0.5921248E-02  0.2284904E-01
      37200.000  0.4299074E-01  0.1251728E-01  0.0000000E+00  0.1575856E+00  0.1327073E-01  0.5921248E-02  0.2285215E-01
      37500.000  0.4287534E-01  0.1251729E-01  0.0000000E+00  0.1543969E+00  0.1327073E-01  0.5921248E-02  0.2285451E-01
      37800.000  0.4268301E-01  0.1251729E-01  0.0000000E+00  0.1511952E+00  0.1327073E-01  0.5921248E-02  0.2285631E-01
      38100.000  0.4242448E-01  0.1251729E-01  0.0000000E+00  0.1479973E+00  0.1327073E-01  0.5921248E-02  0.2285768E-01
      38400.000  0.4210952E-01  0.1251729E-01  0.0000000E+00  0.1448181E+00  0.1327073E-01  0.5921248E-02  0.2285872E-01
      38700.000  0.4174696E-01  0.1251729E-01  0.0000000E+00  0.1416708E+00  0.1327073E-01  0.5921248E-02  0.2285951E-01
      39000.000  0.4134472E-01  0.1251729E-01  0.0000000E+00  0.1385667E+00  0.1327073E-01  0.5921248E-02  0.2286011E-01
      39300.000  0.4090992E-01  0.1251730E-01  0.0000000E+00  0.1355155E+00  0.1327073E-01  0.5921248E-02  0.2286057E-01
      39600.000  0.4044889E-01  0.1251730E-01  0.0000000E+00  0.1325251E+00  0.1327073E-01  0.5921248E-02  0.2286092E-01
      39900.000  0.3996723E-01  0.1251730E-01  0.0000000E+00  0.1296021E+00  0.1327073E-01  0.5921248E-02  0.2286118E-01
      40200.000  0.3946992E-01  0.1251730E-01  0.0000000E+00  0.1267516E+00  0.1327073E-01  0.5921248E-02  0.2286138E-01
      40500.000  0.3896132E-01  0.1251730E-01  0.0000000E+00  0.1239778E+00  0.1327073E-01  0.5921248E-02  0.2286154E-01
      40800.000  0.3844526E-01  0.1251730E-01  0.0000000E+00  0.1212834E+00  0.1327073E-01  0.5921248E-02  0.2286165E-01
      41100.000  0.3792508E-01  0.1251730E-01  0.0000000E+00  0.1186705E+00  0.1327073E-01  0.5921248E-02  0.2286174E-01
      41400.000  0.3740369E-01  0.1251730E-01  0.0000000E+00  0.1161402E+00  0.1327073E-01  0.5921248E-02  0.2286181E-01
      41700.000  0.3688358E-01  0.1251730E-01  0.0000000E+00  0.1136930E+00  0.1327073E-01  0.5921248E-02  0.2286186E-01
      42000.000  0.3636689E-01  0.1251730E-01  0.0000000E+00  0.1113288E+00  0.1327073E-01  0.5921248E-02  0.2286190E-01
      42300.000  0.3585546E-01  0.1251730E-01  0.0000000E+00  0.1090468E+00  0.1327073E-01  0.5921248E-02  0.2286193E-01
      42600.000  0.3535082E-01  0.1251730E-01  0.0000000E+00  0.1068462E+00  0.1327073E-01  0.5921248E-02  0.2286195E-01
      42900.000  0.3485426E-01  0.1251730E-01  0.0000000E+00  0.1047255E+00  0.1327073E-01  0.5921248E-02  0.2286197E-01
      43200.000  0.3436684E-01  0.1251730E-01  0.0000000E+00  0.1026831E+00  0.1327073E-01  0.5921248E-02  0.2286198E-01
      43500.000  0.3388943E-01  0.1251730E-01  0.0000000E+00  0.1007170E+00  0.1327073E-01  0.5921248E-02  0.2286199E-01
      43800.000  0.3342272E-01  0.1251730E-01  0.0000000E+00  0.9882532E-01  0.1327073E-01  0.5921248E-02  0.2286200E-01
      44100.000  0.3296724E-01  0.1251730E-01  0.0000000E+00  0.9700585E-01  0.1327073E-01  0.5921248E-02  0.2286200E-01
      44400.000  0.3252339E-01  0.1251730E-01  0.0000000E+00  0.9525634E-01  0.1327073E-01  0.5921248E-02  0.2286201E-01
      44700.000  0.3209146E-01  0.1251730E-01  0.0000000E+00  0.9339125E-01  0.1327073E-01  0.5921248E-02  0.2286201E-01
      45000.000  0.3167162E-01  0.1251730E-01  0.0000000E+00  0.9104218E-01  0.1327073E-01  0.5921248E-02  0.2286201E-01
      45300.000  0.3126399E-01  0.1251730E-01  0.0000000E+00  0.8879978E-01  0.1327073E-01  0.5921248E-02  0.2286202E-01
      45600.000  0.3086857E-01  0.1251730E-01  0.0000000E+00  0.8665917E-01  0.1327073E-01  0.5921248E-02  0.2286202E-01
      45900.000  0.3048532E-01  0.1251730E-01  0.0000000E+00  0.8461561E-01  0.1327073E-01  0.5921248E-02  0.2286202E-01
      46200.000  0.3011415E-01  0.1251730E-01  0.0000000E+00  0.8266451E-01  0.1327073E-01  0.5921248E-02  0.2286202E-01
      46500.000  0.2975492E-01  0.1251730E-01  0.0000000E+00  0.8080145E-01  0.1327073E-01  0.5921248E-02  0.2286202E-01
      46800.000  0.2940744E-01  0.1251730E-01  0.0000000E+00  0.7902217E-01  0.1327073E-01  0.5921248E-02  0.2286202E-01
      47100.000  0.2907150E-01  0.1251730E-01  0.0000000E+00  0.7732259E-01  0.1327073E-01  0.5921248E-02  0.2286202E-01
      47400.000  0.2874688E-01  0.1251730E-01  0.0000000E+00  0.7569883E-01  0.1327073E-01  0.5921248E-02  0.2286202E-01
      47700.000  0.2843330E-01  0.1251730E-01  0.0000000E+00  0.7414713E-01  0.1327073E-01  0.5921248E-02  0.2286202E-01
      48000.000  0.2813050E-01  0.1251730E-01  0.0000000E+00  0.7266396E-01  0.1327073E-01  0.5921248E-02  0.2286202E-01
      48300.000  0.2783820E-01  0.1251730E-01  0.0000000E+00  0.7124591E-01  0.1327073E-01  0.5921248E-02  0.2286202E-01
      48600.000  0.2755610E-01  0.1251730E-01  0.0000000E+00  0.6988976E-01  0.1327073E-01  0.5921248E-02  0.2286202E-01
      48900.000  0.2728391E-01  0.1251730E-01  0.0000000E+00  0.6859245E-01  0.1327073E-01  0.5921247E-02  0.2286202E-01
      49200.000  0.2702131E-01  0.1251730E-01  0.0000000E+00  0.6735106E-01  0.1327073E-01  0.5921247E-02  0.2286202E-01
      49500.000  0.2676802E-01  0.1251730E-01  0.0000000E+00  0.6616283E-01  0.1327073E-01  0.5921247E-02  0.2286202E-01
      49800.000  0.2652373E-01  0.1251730E-01  0.0000000E+00  0.6502512E-01  0.1327073E-01  0.5921247E-02  0.2286202E-01
      50100.000  0.2628813E-01  0.1251730E-01  0.0000000E+00  0.6393546E-01  0.1327073E-01  0.5921247E-02  0.2286202E-01
      50400.000  0.2606094E-01  0.1251730E-01  0.0000000E+00  0.6289148E-01  0.1327073E-01  0.5921247E-02  0.2286202E-01
      50700.000  0.2584186E-01  0.1251730E-01  0.0000000E+00  0.6189094E-01  0.1327073E-01  0.5921247E-02  0.2286202E-01
      51000.000  0.2563061E-01  0.1251730E-01  0.0000000E+00  0.6093173E-01  0.1327073E-01  0.5921247E-02  0.2286202E-01
      51300.000  0.2542690E-01  0.1251730E-01  0.0000000E+00  0.6001183E-01  0.1327073E-01  0.5921247E-02  0.2286202E-01
      51600.000  0.2523046E-01  0.1251730E-01  0.0000000E+00  0.5912935E-01  0.1327073E-01  0.5921247E-02  0.2286202E-01
      51900.000  0.2504103E-01  0.1251730E-01  0.0000000E+00  0.5828249E-01  0.1327073E-01  0.5921247E-02  0.2286202E-01
      52200.000  0.2485834E-01  0.1251730E-01  0.0000000E+00  0.5746954E-01  0.1327073E-01  0.5921247E-02  0.2286202E-01
      52500.000  0.2468214E-01  0.1251730E-01  0.0000000E+00  0.5668888E-01  0.1327073E-01  0.5921246E-02  0.2286202E-01
      52800.000  0.2451220E-01  0.1251730E-01  0.0000000E+00  0.5593898E-01  0.1327073E-01  0.5921246E-02  0.2286202E-01
      53100.000  0.2434826E-01  0.1251730E-01  0.0000000E+00  0.5521839E-01  0.1327073E-01  0.5921246E-02  0.2286202E-01
      53400.000  0.2419011E-01  0.1251730E-01  0.0000000E+00  0.5452574E-01  0.1327073E-01  0.5921246E-02  0.2286202E-01
      53700.000  0.2403752E-01  0.1251730E-01  0.0000000E+00  0.5385973E-01  0.1327073E-01  0.5921246E-02  0.2286202E-01
      54000.000  0.2389028E-01  0.1251730E-01  0.0000000E+00  0.5321912E-01  0.1327073E-01  0.5921246E-02  0.2286202E-01
      54300.000  0.2374818E-01  0.1251730E-01  0.0000000E+00  0.5260275E-01  0.1327073E-01  0.5921246E-02  0.2286202E-01
      54600.000  0.2361102E-01  0.1251730E-01  0.0000000E+00  0.5200950E-01  0.1327073E-01  0.5921245E-02  0.2286202E-01
      54900.000  0.2347862E-01  0.1251730E-01  0.0000000E+00  0.5143832E-01  0.1327073E-01  0.5921245E-02  0.2286202E-01
      55200.000  0.2335078E-01  0.1251729E-01  0.0000000E+00  0.5088823E-01  0.1327073E-01  0.5921245E-02  0.2286202E-01
      55500.000  0.2322734E-01  0.1251729E-01  0.0000000E+00  0.5035827E-01  0.1327073E-01  0.5921245E-02  0.2286202E-01
      55800.000  0.2310811E-01  0.1251729E-01  0.0000000E+00  0.4984754E-01  0.1327073E-01  0.5921245E-02  0.2286202E-01
      56100.000  0.2299294E-01  0.1251729E-01  0.0000000E+00  0.4935520E-01  0.1327073E-01  0.5921244E-02  0.2286202E-01
      56400.000  0.2288167E-01  0.1251729E-01  0.0000000E+00  0.4888044E-01  0.1327073E-01  0.5921244E-02  0.2286202E-01
      56700.000  0.2277415E-01  0.1251729E-01  0.0000000E+00  0.4842249E-01  0.1327073E-01  0.5921244E-02  0.2286202E-01
      57000.000  0.2267023E-01  0.1251729E-01  0.0000000E+00  0.4798061E-01  0.1327073E-01  0.5921244E-02  0.2286202E-01
      57300.000  0.2256977E-01  0.1251729E-01  0.0000000E+00  0.4755413E-01  0.1327073E-01  0.5921244E-02  0.2286202E-01
      57600.000  0.2247264E-01  0.1251729E-01  0.0000000E+00  0.4714238E-01  0.1327073E-01  0.5921243E-02  0.2286202E-01
      57900.000  0.2237870E-01  0.1251729E-01  0.0000000E+00  0.4674473E-01  0.1327073E-01  0.5921243E-02  0.2286202E-01
      58200.000  0.2228785E-01  0.1251729E-01  0.0000000E+00  0.4636060E-01  0.1327073E-01  0.5921243E-02  0.2286202E-01
      58500.000  0.2219995E-01  0.1251729E-01  0.0000000E+00  0.4598941E-01  0.1327073E-01  0.5921242E-02  0.2286202E-01
      58800.000  0.2211490E-01  0.1251729E-01  0.0000000E+00  0.4563062E-01  0.1327073E-01  0.5921242E-02  0.2286202E-01
      59100.000  0.2203258E-01  0.1251729E-01  0.0000000E+00  0.4528374E-01  0.1327073E-01  0.5921242E-02  0.2286202E-01
      59400.000  0.2195290E-01  0.1251729E-01  0.0000000E+00  0.4494825E-01  0.1327073E-01  0.5921241E-02  0.2286202E-01
      59700.000  0.2187574E-01  0.1251729E-01  0.0000000E+00  0.4462372E-01  0.1327073E-01  0.5921241E-02  0.2286202E-01
      60000.000  0.2180102E-01  0.1251729E-01  0.0000000E+00  0.4430968E-01  0.1327073E-01  0.5921240E-02  0.2286202E-01
      60300.000  0.2172864E-01  0.1251729E-01  0.0000000E+00  0.4400572E-01  0.1327073E-01  0.5921240E-02  0.2286202E-01
      60600.000  0.2165851E-01  0.1251729E-01  0.0000000E+00  0.4371145E-01  0.1327073E-01  0.5921240E-02  0.2286202E-01
      60900.000  0.2159055E-01  0.1251729E-01  0.0000000E+00  0.4342646E-01  0.1327073E-01  0.5921239E-02  0.2286202E-01
      61200.000  0.2152468E-01  0.1251729E-01  0.0000000E+00  0.4315041E-01  0.1327073E-01  0.5921239E-02  0.2286202E-01
      61500.000  0.2146082E-01  0.1251729E-01  0.0000000E+00  0.4288294E-01  0.1327073E-01  0.5921238E-02  0.2286202E-01
      61800.000  0.2139889E-01  0.1251729E-01  0.0000000E+00  0.4262372E-01  0.1327072E-01  0.5921238E-02  0.2286202E-01
      62100.000  0.2133882E-01  0.1251729E-01  0.0000000E+00  0.4237243E-01  0.1327072E-01  0.5921237E-02  0.2286202E-01
      62400.000  0.2128055E-01  0.1251729E-01  0.0000000E+00  0.4212878E-01  0.1327072E-01  0.5921237E-02  0.2286202E-01
      62700.000  0.2122400E-01  0.1251729E-01  0.0000000E+00  0.4189246E-01  0.1327072E-01  0.5921236E-02  0.2286202E-01
      63000.000  0.2116912E-01  0.1251729E-01  0.0000000E+00  0.4166321E-01  0.1327072E-01  0.5921235E-02  0.2286202E-01
      63300.000  0.2111584E-01  0.1251729E-01  0.0000000E+00  0.4144076E-01  0.1327072E-01  0.5921235E-02  0.2286202E-01
      63600.000  0.2106410E-01  0.1251729E-01  0.0000000E+00  0.4122485E-01  0.1327072E-01  0.5921234E-02  0.2286202E-01
      63900.000  0.2101385E-01  0.1251729E-01  0.0000000E+00  0.4101526E-01  0.1327072E-01  0.5921233E-02  0.2286202E-01
      64200.000  0.2096503E-01  0.1251729E-01  0.0000000E+00  0.4081174E-01  0.1327072E-01  0.5921233E-02  0.2286202E-01
      64500.000  0.2091760E-01  0.1251729E-01  0.0000000E+00  0.4061407E-01  0.1327072E-01  0.5921232E-02  0.2286202E-01
      64800.000  0.2087150E-01  0.1251729E-01  0.0000000E+00  0.4042205E-01  0.1327072E-01  0.5921231E-02  0.2286202E-01
      65100.000  0.2082668E-01  0.1251729E-01  0.0000000E+00  0.4023547E-01  0.1327072E-01  0.5921230E-02  0.2286202E-01
      65400.000  0.2078310E-01  0.1251729E-01  0.0000000E+00  0.4005414E-01  0.1327072E-01  0.5921229E-02  0.2286202E-01
      65700.000  0.2074072E-01  0.1251729E-01  0.0000000E+00  0.3987787E-01  0.1327072E-01  0.5921228E-02  0.2286202E-01
      66000.000  0.2069949E-01  0.1251729E-01  0.0000000E+00  0.3970649E-01  0.1327072E-01  0.5921227E-02  0.2286202E-01
      66300.000  0.2065938E-01  0.1251729E-01  0.0000000E+00  0.3953982E-01  0.1327072E-01  0.5921226E-02  0.2286202E-01
      66600.000  0.2062033E-01  0.1251729E-01  0.0000000E+00  0.3937770E-01  0.1327071E-01  0.5921225E-02  0.2286201E-01
      66900.000  0.2058232E-01  0.1251729E-01  0.0000000E+00  0.3921998E-01  0.1327071E-01  0.5921224E-02  0.2286201E-01
      67200.000  0.2054532E-01  0.1251729E-01  0.0000000E+00  0.3906650E-01  0.1327071E-01  0.5921223E-02  0.2286201E-01
      67500.000  0.2050928E-01  0.1251729E-01  0.0000000E+00  0.3891713E-01  0.1327071E-01  0.5921222E-02  0.2286201E-01
      67800.000  0.2047417E-01  0.1251729E-01  0.0000000E+00  0.3877172E-01  0.1327071E-01  0.5921221E-02  0.2286201E-01
      68100.000  0.2043996E-01  0.1251729E-01  0.0000000E+00  0.3863013E-01  0.1327071E-01  0.5921220E-02  0.2286201E-01
      68400.000  0.2040662E-01  0.1251729E-01  0.0000000E+00  0.3849226E-01  0.1327071E-01  0.5921219E-02  0.2286201E-01
      68700.000  0.2037412E-01  0.1251729E-01  0.0000000E+00  0.3835796E-01  0.1327071E-01  0.5921217E-02  0.2286201E-01
      69000.000  0.2034243E-01  0.1251729E-01  0.0000000E+00  0.3822713E-01  0.1327071E-01  0.5921216E-02  0.2286201E-01
      69300.000  0.2031153E-01  0.1251729E-01  0.0000000E+00  0.3809965E-01  0.1327071E-01  0.5921214E-02  0.2286201E-01
      69600.000  0.2028139E-01  0.1251729E-01  0.0000000E+00  0.3797541E-01  0.1327070E-01  0.5921213E-02  0.2286201E-01
      69900.000  0.2025198E-01  0.1251729E-01  0.0000000E+00  0.3785431E-01  0.1327070E-01  0.5921211E-02  0.2286201E-01
      70200.000  0.2022328E-01  0.1251729E-01  0.0000000E+00  0.3773625E-01  0.1327070E-01  0.5921210E-02  0.2286201E-01
      70500.000  0.2019526E-01  0.1251729E-01  0.0000000E+00  0.3762113E-01  0.1327070E-01  0.5921208E-02  0.2286201E-01
      70800.000  0.2016791E-01  0.1251729E-01  0.0000000E+00  0.3750886E-01  0.1327070E-01  0.5921206E-02  0.2286201E-01
      71100.000  0.2014120E-01  0.1251729E-01  0.0000000E+00  0.3739936E-01  0.1327070E-01  0.5921205E-02  0.2286201E-01
      71400.000  0.2011511E-01  0.1251729E-01  0.0000000E+00  0.3729253E-01  0.1327070E-01  0.5921203E-02  0.2286201E-01
      71700.000  0.2008962E-01  0.1251729E-01  0.0000000E+00  0.3718829E-01  0.1327070E-01  0.5921201E-02  0.2286201E-01
      72000.000  0.2006471E-01  0.1251729E-01  0.0000000E+00  0.3708656E-01  0.1327069E-01  0.5921199E-02  0.2286201E-01
      72300.000  0.2004036E-01  0.1251729E-01  0.0000000E+00  0.3698727E-01  0.1327069E-01  0.5921197E-02  0.2286201E-01
      72600.000  0.2001656E-01  0.1251729E-01  0.0000000E+00  0.3689035E-01  0.1327069E-01  0.5921195E-02  0.2286201E-01
      72900.000  0.1999329E-01  0.1251729E-01  0.0000000E+00  0.3679572E-01  0.1327069E-01  0.5921193E-02  0.2286200E-01
      73200.000  0.1997052E-01  0.1251729E-01  0.0000000E+00  0.3670331E-01  0.1327069E-01  0.5921191E-02  0.2286200E-01
      73500.000  0.1994826E-01  0.1251729E-01  0.0000000E+00  0.3661305E-01  0.1327069E-01  0.5921188E-02  0.2286200E-01
      73800.000  0.1992647E-01  0.1251729E-01  0.0000000E+00  0.3652490E-01  0.1327068E-01  0.5921186E-02  0.2286200E-01
      74100.000  0.1990514E-01  0.1251729E-01  0.0000000E+00  0.3643877E-01  0.1327068E-01  0.5921183E-02  0.2286200E-01
      74400.000  0.1988427E-01  0.1251729E-01  0.0000000E+00  0.3635462E-01  0.1327068E-01  0.5921181E-02  0.2286200E-01
      74700.000  0.1986383E-01  0.1251729E-01  0.0000000E+00  0.3627238E-01  0.1327068E-01  0.5921178E-02  0.2286200E-01
      75000.000  0.1984382E-01  0.1251729E-01  0.0000000E+00  0.3619201E-01  0.1327068E-01  0.5921175E-02  0.2286200E-01
      75300.000  0.1982422E-01  0.1251729E-01  0.0000000E+00  0.3611344E-01  0.1327067E-01  0.5921173E-02  0.2286200E-01
      75600.000  0.1980501E-01  0.1251729E-01  0.0000000E+00  0.3603663E-01  0.1327067E-01  0.5921170E-02  0.2286200E-01
      75900.000  0.1978619E-01  0.1251729E-01  0.0000000E+00  0.3596153E-01  0.1327067E-01  0.5921167E-02  0.2286200E-01
      76200.000  0.1976775E-01  0.1251728E-01  0.0000000E+00  0.3588808E-01  0.1327067E-01  0.5921164E-02  0.2286199E-01
      76500.000  0.1974967E-01  0.1251728E-01  0.0000000E+00  0.3581625E-01  0.1327066E-01  0.5921160E-02  0.2286199E-01
      76800.000  0.1973194E-01  0.1251728E-01  0.0000000E+00  0.3574599E-01  0.1327066E-01  0.5921157E-02  0.2286199E-01
      77100.000  0.1971455E-01  0.1251728E-01  0.0000000E+00  0.3567725E-01  0.1327066E-01  0.5921154E-02  0.2286199E-01
      77400.000  0.1969750E-01  0.1251728E-01  0.0000000E+00  0.3560999E-01  0.1327066E-01  0.5921150E-02  0.2286199E-01
      77700.000  0.1968076E-01  0.1251728E-01  0.0000000E+00  0.3554418E-01  0.1327065E-01  0.5921146E-02  0.2286199E-01
      78000.000  0.1966435E-01  0.1251728E-01  0.0000000E+00  0.3547976E-01  0.1327065E-01  0.5921143E-02  0.2286199E-01
      78300.000  0.1964823E-01  0.1251728E-01  0.0000000E+00  0.3541672E-01  0.1327065E-01  0.5921139E-02  0.2286199E-01
      78600.000  0.1963241E-01  0.1251728E-01  0.0000000E+00  0.3535500E-01  0.1327064E-01  0.5921135E-02  0.2286199E-01
      78900.000  0.1961688E-01  0.1251728E-01  0.0000000E+00  0.3529457E-01  0.1327064E-01  0.5921131E-02  0.2286198E-01
      79200.000  0.1960163E-01  0.1251728E-01  0.0000000E+00  0.3523540E-01  0.1327064E-01  0.5921127E-02  0.2286198E-01
      79500.000  0.1958665E-01  0.1251728E-01  0.0000000E+00  0.3517746E-01  0.1327063E-01  0.5921122E-02  0.2286198E-01
      79800.000  0.1957193E-01  0.1251728E-01  0.0000000E+00  0.3512071E-01  0.1327063E-01  0.5921118E-02  0.2286198E-01
      80100.000  0.1955747E-01  0.1251728E-01  0.0000000E+00  0.3506513E-01  0.1327063E-01  0.5921113E-02  0.2286198E-01
      80400.000  0.1954326E-01  0.1251728E-01  0.0000000E+00  0.3501067E-01  0.1327062E-01  0.5921108E-02  0.2286198E-01
      80700.000  0.1952929E-01  0.1251728E-01  0.0000000E+00  0.3495732E-01  0.1327062E-01  0.5921103E-02  0.2286197E-01
      81000.000  0.1951556E-01  0.1251728E-01  0.0000000E+00  0.3490504E-01  0.1327062E-01  0.5921098E-02  0.2286197E-01
      81300.000  0.1950206E-01  0.1251728E-01  0.0000000E+00  0.3485380E-01  0.1327061E-01  0.5921093E-02  0.2286197E-01
      81600.000  0.1948878E-01  0.1251728E-01  0.0000000E+00  0.3480359E-01  0.1327061E-01  0.5921088E-02  0.2286197E-01
      81900.000  0.1947571E-01  0.1251727E-01  0.0000000E+00  0.3475437E-01  0.1327060E-01  0.5921082E-02  0.2286197E-01
      82200.000  0.1946286E-01  0.1251727E-01  0.0000000E+00  0.3470612E-01  0.1327060E-01  0.5921077E-02  0.2286197E-01
      82500.000  0.1945022E-01  0.1251727E-01  0.0000000E+00  0.3465881E-01  0.1327059E-01  0.5921071E-02  0.2286196E-01
      82800.000  0.1943778E-01  0.1251727E-01  0.0000000E+00  0.3461243E-01  0.1327059E-01  0.5921065E-02  0.2286196E-01
      83100.000  0.1942553E-01  0.1251727E-01  0.0000000E+00  0.3456694E-01  0.1327058E-01  0.5921059E-02  0.2286196E-01
      83400.000  0.1941347E-01  0.1251727E-01  0.0000000E+00  0.3452233E-01  0.1327058E-01  0.5921052E-02  0.2286196E-01
      83700.000  0.1940160E-01  0.1251727E-01  0.0000000E+00  0.3447857E-01  0.1327057E-01  0.5921046E-02  0.2286196E-01
      84000.000  0.1938991E-01  0.1251727E-01  0.0000000E+00  0.3443564E-01  0.1327057E-01  0.5921039E-02  0.2286195E-01
      84300.000  0.1937839E-01  0.1251727E-01  0.0000000E+00  0.3439353E-01  0.1327056E-01  0.5921032E-02  0.2286195E-01
      84600.000  0.1936705E-01  0.1251727E-01  0.0000000E+00  0.3435221E-01  0.1327056E-01  0.5921025E-02  0.2286195E-01
      84900.000  0.1935587E-01  0.1251727E-01  0.0000000E+00  0.3431166E-01  0.1327055E-01  0.5921018E-02  0.2286195E-01
      85200.000  0.1934486E-01  0.1251727E-01  0.0000000E+00  0.3427187E-01  0.1327055E-01  0.5921010E-02  0.2286194E-01
      85500.000  0.1933401E-01  0.1251726E-01  0.0000000E+00  0.3423281E-01  0.1327054E-01  0.5921003E-02  0.2286194E-01
      85800.000  0.1932331E-01  0.1251726E-01  0.0000000E+00  0.3419448E-01  0.1327053E-01  0.5920995E-02  0.2286194E-01
      86100.000  0.1931276E-01  0.1251726E-01  0.0000000E+00  0.3415684E-01  0.1327053E-01  0.5920987E-02  0.2286193E-01
      86399.000  0.1930240E-01  0.1251726E-01  0.0000000E+00  0.3412002E-01  0.1327052E-01  0.5920979E-02  0.2286193E-01
